2.590000000000000000e+02
1.011000000000000000e+03
1.412000000000000000e+03
1.900000000000000000e+01
1.167000000000000000e+03
2.767000000000000000e+03
3.100000000000000000e+01
1.100000000000000000e+01
9.510000000000000000e+02
1.480000000000000000e+02
4.870000000000000000e+02
1.710000000000000000e+02
1.039000000000000000e+03
2.233000000000000000e+03
4.140000000000000000e+02
3.003000000000000000e+03
1.173000000000000000e+03
1.373000000000000000e+03
1.169000000000000000e+03
5.170000000000000000e+02
1.071000000000000000e+03
1.039000000000000000e+03
2.630000000000000000e+02
1.451000000000000000e+03
1.137000000000000000e+03
4.070000000000000000e+02
1.374000000000000000e+03
2.963000000000000000e+03
2.472000000000000000e+03
1.071000000000000000e+03
8.950000000000000000e+02
5.220000000000000000e+02
2.193000000000000000e+03
1.052000000000000000e+03
3.030000000000000000e+02
4.460000000000000000e+02
3.030000000000000000e+02
3.790000000000000000e+02
1.172000000000000000e+03
2.472000000000000000e+03
7.170000000000000000e+02
7.520000000000000000e+02
3.410000000000000000e+02
1.373000000000000000e+03
7.520000000000000000e+02
4.880000000000000000e+02
1.373000000000000000e+03
2.090000000000000000e+02
1.300000000000000000e+03
1.374000000000000000e+03
2.847000000000000000e+03
1.080000000000000000e+02
1.041000000000000000e+03
3.720000000000000000e+02
3.410000000000000000e+02
6.000000000000000000e+01
1.374000000000000000e+03
3.030000000000000000e+02
6.640000000000000000e+02
2.090000000000000000e+02
6.800000000000000000e+02
6.300000000000000000e+02
2.060000000000000000e+02
1.767000000000000000e+03
2.236000000000000000e+03
3.200000000000000000e+01
1.530000000000000000e+02
2.627000000000000000e+03
7.220000000000000000e+02
2.768000000000000000e+03
7.500000000000000000e+01
1.039000000000000000e+03
1.984000000000000000e+03
1.167000000000000000e+03
3.030000000000000000e+02
2.600000000000000000e+03
2.692000000000000000e+03
2.665000000000000000e+03
7.170000000000000000e+02
3.470000000000000000e+02
1.039000000000000000e+03
1.577000000000000000e+03
7.070000000000000000e+02
6.090000000000000000e+02
2.630000000000000000e+02
1.091000000000000000e+03
5.170000000000000000e+02
4.460000000000000000e+02
1.200000000000000000e+01
7.970000000000000000e+02
4.300000000000000000e+01
3.100000000000000000e+01
2.357000000000000000e+03
3.790000000000000000e+02
6.430000000000000000e+02
1.679000000000000000e+03
7.170000000000000000e+02
1.839000000000000000e+03
1.950000000000000000e+02
7.220000000000000000e+02
2.649000000000000000e+03
4.150000000000000000e+02
7.220000000000000000e+02
4.140000000000000000e+02
3.100000000000000000e+01
1.332000000000000000e+03
5.100000000000000000e+01
3.790000000000000000e+02
1.200000000000000000e+01
6.430000000000000000e+02
1.167000000000000000e+03
8.750000000000000000e+02
7.970000000000000000e+02
1.710000000000000000e+02
2.079000000000000000e+03
1.373000000000000000e+03
1.011000000000000000e+03
2.600000000000000000e+03
1.073000000000000000e+03
6.470000000000000000e+02
1.167000000000000000e+03
4.140000000000000000e+02
1.330000000000000000e+02
1.331000000000000000e+03
1.100000000000000000e+01
3.670000000000000000e+02
3.770000000000000000e+02
2.698000000000000000e+03
1.373000000000000000e+03
1.073000000000000000e+03
1.007000000000000000e+03
3.100000000000000000e+01
1.374000000000000000e+03
3.790000000000000000e+02
2.630000000000000000e+02
7.970000000000000000e+02
2.630000000000000000e+02
1.179000000000000000e+03
3.790000000000000000e+02
1.300000000000000000e+02
1.737000000000000000e+03
1.003000000000000000e+03
2.478000000000000000e+03
1.040000000000000000e+03
3.770000000000000000e+02
3.410000000000000000e+02
1.089000000000000000e+03
6.010000000000000000e+02
6.730000000000000000e+02
7.220000000000000000e+02
3.200000000000000000e+01
6.430000000000000000e+02
6.800000000000000000e+02
1.041000000000000000e+03
2.917000000000000000e+03
7.500000000000000000e+01
7.220000000000000000e+02
4.150000000000000000e+02
4.150000000000000000e+02
7.840000000000000000e+02
7.970000000000000000e+02
1.071000000000000000e+03
7.220000000000000000e+02
9.990000000000000000e+02
1.020000000000000000e+03
5.590000000000000000e+02
4.870000000000000000e+02
2.006000000000000000e+03
4.870000000000000000e+02
3.770000000000000000e+02
1.310000000000000000e+02
3.030000000000000000e+02
8.660000000000000000e+02
2.693000000000000000e+03
1.452000000000000000e+03
2.609000000000000000e+03
2.197000000000000000e+03
2.651000000000000000e+03
3.410000000000000000e+02
1.080000000000000000e+02
3.800000000000000000e+01
2.054000000000000000e+03
7.840000000000000000e+02
3.790000000000000000e+02
2.630000000000000000e+02
1.039000000000000000e+03
1.683000000000000000e+03
3.050000000000000000e+02
9.900000000000000000e+02
1.145000000000000000e+03
1.567000000000000000e+03
3.410000000000000000e+02
7.220000000000000000e+02
1.293000000000000000e+03
1.245000000000000000e+03
1.310000000000000000e+02
1.089000000000000000e+03
4.070000000000000000e+02
6.300000000000000000e+02
2.561000000000000000e+03
1.145000000000000000e+03
1.939000000000000000e+03
1.130000000000000000e+02
2.630000000000000000e+02
1.039000000000000000e+03
5.720000000000000000e+02
9.810000000000000000e+02
3.030000000000000000e+02
5.210000000000000000e+02
1.430000000000000000e+02
2.509000000000000000e+03
3.800000000000000000e+01
4.030000000000000000e+02
2.630000000000000000e+02
1.009000000000000000e+03
4.070000000000000000e+02
1.679000000000000000e+03
1.900000000000000000e+02
1.330000000000000000e+02
6.750000000000000000e+02
3.750000000000000000e+02
3.410000000000000000e+02
1.682000000000000000e+03
3.790000000000000000e+02
4.300000000000000000e+01
1.480000000000000000e+02
1.225000000000000000e+03
3.410000000000000000e+02
1.373000000000000000e+03
7.180000000000000000e+02
4.780000000000000000e+02
3.800000000000000000e+01
2.834000000000000000e+03
7.430000000000000000e+02
1.930000000000000000e+03
2.439000000000000000e+03
1.673000000000000000e+03
1.283000000000000000e+03
1.172000000000000000e+03
1.480000000000000000e+02
1.677000000000000000e+03
1.033000000000000000e+03
3.720000000000000000e+02
2.630000000000000000e+02
6.410000000000000000e+02
2.897000000000000000e+03
2.351000000000000000e+03
3.770000000000000000e+02
1.066000000000000000e+03
1.028000000000000000e+03
1.778000000000000000e+03
7.970000000000000000e+02
2.630000000000000000e+02
9.700000000000000000e+02
5.890000000000000000e+02
7.970000000000000000e+02
6.750000000000000000e+02
8.950000000000000000e+02
4.150000000000000000e+02
8.070000000000000000e+02
8.040000000000000000e+02
7.390000000000000000e+02
1.815000000000000000e+03
3.200000000000000000e+01
2.026000000000000000e+03
1.815000000000000000e+03
2.220000000000000000e+02
3.800000000000000000e+01
6.760000000000000000e+02
9.510000000000000000e+02
2.630000000000000000e+02
3.010000000000000000e+02
6.640000000000000000e+02
1.374000000000000000e+03
2.054000000000000000e+03
8.750000000000000000e+02
5.210000000000000000e+02
2.590000000000000000e+02
2.485000000000000000e+03
5.590000000000000000e+02
7.170000000000000000e+02
3.770000000000000000e+02
1.167000000000000000e+03
1.812000000000000000e+03
2.768000000000000000e+03
8.290000000000000000e+02
1.011000000000000000e+03
1.167000000000000000e+03
2.300000000000000000e+02
1.331000000000000000e+03
7.420000000000000000e+02
1.710000000000000000e+02
9.000000000000000000e+02
6.470000000000000000e+02
1.950000000000000000e+02
1.043000000000000000e+03
1.332000000000000000e+03
7.220000000000000000e+02
1.373000000000000000e+03
2.351000000000000000e+03
1.767000000000000000e+03
8.070000000000000000e+02
1.850000000000000000e+02
3.410000000000000000e+02
5.590000000000000000e+02
8.260000000000000000e+02
4.030000000000000000e+02
3.010000000000000000e+02
3.790000000000000000e+02
1.245000000000000000e+03
2.054000000000000000e+03
3.030000000000000000e+02
1.055000000000000000e+03
4.870000000000000000e+02
2.692000000000000000e+03
1.040000000000000000e+03
2.626000000000000000e+03
1.225000000000000000e+03
2.626000000000000000e+03
7.220000000000000000e+02
9.420000000000000000e+02
1.530000000000000000e+02
2.585000000000000000e+03
2.692000000000000000e+03
1.039000000000000000e+03
2.400000000000000000e+03
7.100000000000000000e+02
1.179000000000000000e+03
1.089000000000000000e+03
7.500000000000000000e+01
3.790000000000000000e+02
3.200000000000000000e+01
1.374000000000000000e+03
7.540000000000000000e+02
7.370000000000000000e+02
6.640000000000000000e+02
3.790000000000000000e+02
7.810000000000000000e+02
7.170000000000000000e+02
2.630000000000000000e+02
1.939000000000000000e+03
5.890000000000000000e+02
1.655000000000000000e+03
7.220000000000000000e+02
6.300000000000000000e+02
1.480000000000000000e+02
1.225000000000000000e+03
3.010000000000000000e+02
2.590000000000000000e+02
5.240000000000000000e+02
3.840000000000000000e+02
1.145000000000000000e+03
2.090000000000000000e+02
5.240000000000000000e+02
1.373000000000000000e+03
6.800000000000000000e+02
7.970000000000000000e+02
4.710000000000000000e+02
1.167000000000000000e+03
5.590000000000000000e+02
1.200000000000000000e+02
2.693000000000000000e+03
7.500000000000000000e+01
3.030000000000000000e+02
6.800000000000000000e+02
3.100000000000000000e+01
7.840000000000000000e+02
1.655000000000000000e+03
6.800000000000000000e+02
7.970000000000000000e+02
3.030000000000000000e+02
1.331000000000000000e+03
1.167000000000000000e+03
8.290000000000000000e+02
9.000000000000000000e+00
4.530000000000000000e+02
3.030000000000000000e+02
2.157000000000000000e+03
1.073000000000000000e+03
1.374000000000000000e+03
1.225000000000000000e+03
3.800000000000000000e+01
5.590000000000000000e+02
7.970000000000000000e+02
1.480000000000000000e+02
7.090000000000000000e+02
6.430000000000000000e+02
1.017000000000000000e+03
1.510000000000000000e+02
6.760000000000000000e+02
7.170000000000000000e+02
7.820000000000000000e+02
1.091000000000000000e+03
3.030000000000000000e+02
3.770000000000000000e+02
6.070000000000000000e+02
3.740000000000000000e+02
2.630000000000000000e+02
5.170000000000000000e+02
7.220000000000000000e+02
1.660000000000000000e+03
3.790000000000000000e+02
1.220000000000000000e+02
2.902000000000000000e+03
1.721000000000000000e+03
9.130000000000000000e+02
6.800000000000000000e+02
1.900000000000000000e+01
1.815000000000000000e+03
1.839000000000000000e+03
6.640000000000000000e+02
3.410000000000000000e+02
1.040000000000000000e+03
7.220000000000000000e+02
2.705000000000000000e+03
4.460000000000000000e+02
3.790000000000000000e+02
6.300000000000000000e+02
7.500000000000000000e+01
1.013000000000000000e+03
4.140000000000000000e+02
8.270000000000000000e+02
2.847000000000000000e+03
2.630000000000000000e+02
1.984000000000000000e+03
1.773000000000000000e+03
1.939000000000000000e+03
6.300000000000000000e+02
2.630000000000000000e+02
1.540000000000000000e+02
3.770000000000000000e+02
1.473000000000000000e+03
3.800000000000000000e+01
1.300000000000000000e+03
2.090000000000000000e+02
9.990000000000000000e+02
9.790000000000000000e+02
1.043000000000000000e+03
3.790000000000000000e+02
2.250000000000000000e+02
1.028000000000000000e+03
1.655000000000000000e+03
1.331000000000000000e+03
7.500000000000000000e+01
1.412000000000000000e+03
6.640000000000000000e+02
7.500000000000000000e+01
3.790000000000000000e+02
1.007000000000000000e+03
9.150000000000000000e+02
1.208000000000000000e+03
9.110000000000000000e+02
1.900000000000000000e+02
9.000000000000000000e+00
1.710000000000000000e+02
4.870000000000000000e+02
4.070000000000000000e+02
8.010000000000000000e+02
3.008000000000000000e+03
1.374000000000000000e+03
1.872000000000000000e+03
1.900000000000000000e+01
1.677000000000000000e+03
2.589000000000000000e+03
2.280000000000000000e+02
5.610000000000000000e+02
4.150000000000000000e+02
6.470000000000000000e+02
2.680000000000000000e+02
9.510000000000000000e+02
5.210000000000000000e+02
1.220000000000000000e+02
1.167000000000000000e+03
1.172000000000000000e+03
7.100000000000000000e+02
4.300000000000000000e+01
6.380000000000000000e+02
4.300000000000000000e+01
1.816000000000000000e+03
5.230000000000000000e+02
1.185000000000000000e+03
2.630000000000000000e+02
3.800000000000000000e+01
1.185000000000000000e+03
7.220000000000000000e+02
2.090000000000000000e+02
4.150000000000000000e+02
1.013000000000000000e+03
2.199000000000000000e+03
1.530000000000000000e+02
9.810000000000000000e+02
2.085000000000000000e+03
2.478000000000000000e+03
1.373000000000000000e+03
1.200000000000000000e+02
2.980000000000000000e+02
2.323000000000000000e+03
1.530000000000000000e+02
4.710000000000000000e+02
1.262000000000000000e+03
1.374000000000000000e+03
7.500000000000000000e+01
1.310000000000000000e+02
3.010000000000000000e+02
1.679000000000000000e+03
7.220000000000000000e+02
1.017000000000000000e+03
1.036000000000000000e+03
9.940000000000000000e+02
1.605000000000000000e+03
4.030000000000000000e+02
2.478000000000000000e+03
9.900000000000000000e+02
1.185000000000000000e+03
1.673000000000000000e+03
4.090000000000000000e+02
1.011000000000000000e+03
4.150000000000000000e+02
7.500000000000000000e+01
5.750000000000000000e+02
1.778000000000000000e+03
1.050000000000000000e+03
4.780000000000000000e+02
1.331000000000000000e+03
3.770000000000000000e+02
1.089000000000000000e+03
4.850000000000000000e+02
3.800000000000000000e+01
3.029000000000000000e+03
3.670000000000000000e+02
1.073000000000000000e+03
9.990000000000000000e+02
7.090000000000000000e+02
7.690000000000000000e+02
1.778000000000000000e+03
4.460000000000000000e+02
1.039000000000000000e+03
1.332000000000000000e+03
3.840000000000000000e+02
1.810000000000000000e+02
1.331000000000000000e+03
2.054000000000000000e+03
3.003000000000000000e+03
1.332000000000000000e+03
7.500000000000000000e+01
6.300000000000000000e+02
1.310000000000000000e+02
7.970000000000000000e+02
2.665000000000000000e+03
1.810000000000000000e+02
1.039000000000000000e+03
7.370000000000000000e+02
1.473000000000000000e+03
1.324000000000000000e+03
1.073000000000000000e+03
1.017000000000000000e+03
3.840000000000000000e+02
1.530000000000000000e+02
9.820000000000000000e+02
3.410000000000000000e+02
1.100000000000000000e+01
5.590000000000000000e+02
1.360000000000000000e+02
2.561000000000000000e+03
2.085000000000000000e+03
3.410000000000000000e+02
3.030000000000000000e+02
1.605000000000000000e+03
1.331000000000000000e+03
2.086000000000000000e+03
6.200000000000000000e+01
8.290000000000000000e+02
4.780000000000000000e+02
9.000000000000000000e+02
4.070000000000000000e+02
2.201000000000000000e+03
1.839000000000000000e+03
1.137000000000000000e+03
7.640000000000000000e+02
1.655000000000000000e+03
9.990000000000000000e+02
1.330000000000000000e+02
8.290000000000000000e+02
1.710000000000000000e+02
3.050000000000000000e+02
1.810000000000000000e+02
2.772000000000000000e+03
1.373000000000000000e+03
1.040000000000000000e+03
3.790000000000000000e+02
2.540000000000000000e+03
2.439000000000000000e+03
6.730000000000000000e+02
8.280000000000000000e+02
1.003000000000000000e+03
1.331000000000000000e+03
4.470000000000000000e+02
2.043000000000000000e+03
2.197000000000000000e+03
1.078000000000000000e+03
7.170000000000000000e+02
1.145000000000000000e+03
1.225000000000000000e+03
2.665000000000000000e+03
6.380000000000000000e+02
3.800000000000000000e+01
1.939000000000000000e+03
1.571000000000000000e+03
6.470000000000000000e+02
8.270000000000000000e+02
1.830000000000000000e+02
7.670000000000000000e+02
7.500000000000000000e+01
2.485000000000000000e+03
3.410000000000000000e+02
1.040000000000000000e+03
1.078000000000000000e+03
7.820000000000000000e+02
3.790000000000000000e+02
1.373000000000000000e+03
2.201000000000000000e+03
6.430000000000000000e+02
2.060000000000000000e+02
2.692000000000000000e+03
1.627000000000000000e+03
1.039000000000000000e+03
1.130000000000000000e+02
7.220000000000000000e+02
7.170000000000000000e+02
7.970000000000000000e+02
7.220000000000000000e+02
1.262000000000000000e+03
1.332000000000000000e+03
1.330000000000000000e+02
4.780000000000000000e+02
9.900000000000000000e+01
2.630000000000000000e+02
4.030000000000000000e+02
1.741000000000000000e+03
2.630000000000000000e+02
7.220000000000000000e+02
6.430000000000000000e+02
8.670000000000000000e+02
2.043000000000000000e+03
7.170000000000000000e+02
7.370000000000000000e+02
7.970000000000000000e+02
6.800000000000000000e+02
3.410000000000000000e+02
1.374000000000000000e+03
1.900000000000000000e+02
1.200000000000000000e+02
4.140000000000000000e+02
6.200000000000000000e+01
1.168000000000000000e+03
2.026000000000000000e+03
3.770000000000000000e+02
2.561000000000000000e+03
4.800000000000000000e+01
1.300000000000000000e+03
1.225000000000000000e+03
1.225000000000000000e+03
2.630000000000000000e+02
1.530000000000000000e+02
1.013000000000000000e+03
7.970000000000000000e+02
4.780000000000000000e+02
4.150000000000000000e+02
7.220000000000000000e+02
1.374000000000000000e+03
2.085000000000000000e+03
3.790000000000000000e+02
1.715000000000000000e+03
2.140000000000000000e+02
6.800000000000000000e+02
1.480000000000000000e+02
1.815000000000000000e+03
2.693000000000000000e+03
4.150000000000000000e+02
3.790000000000000000e+02
9.110000000000000000e+02
3.470000000000000000e+02
5.720000000000000000e+02
1.225000000000000000e+03
2.561000000000000000e+03
7.430000000000000000e+02
1.262000000000000000e+03
1.627000000000000000e+03
2.660000000000000000e+02
3.790000000000000000e+02
7.970000000000000000e+02
7.970000000000000000e+02
9.940000000000000000e+02
4.070000000000000000e+02
3.790000000000000000e+02
7.500000000000000000e+01
1.812000000000000000e+03
8.290000000000000000e+02
4.070000000000000000e+02
5.230000000000000000e+02
1.682000000000000000e+03
4.150000000000000000e+02
2.201000000000000000e+03
2.090000000000000000e+02
2.026000000000000000e+03
3.050000000000000000e+02
2.720000000000000000e+03
1.900000000000000000e+01
1.011000000000000000e+03
6.730000000000000000e+02
6.790000000000000000e+02
3.030000000000000000e+02
7.500000000000000000e+01
3.100000000000000000e+01
4.870000000000000000e+02
1.627000000000000000e+03
1.052000000000000000e+03
4.780000000000000000e+02
1.330000000000000000e+02
1.767000000000000000e+03
1.060000000000000000e+02
1.869000000000000000e+03
6.300000000000000000e+02
2.054000000000000000e+03
1.130000000000000000e+02
1.031000000000000000e+03
1.939000000000000000e+03
3.010000000000000000e+02
2.680000000000000000e+02
6.490000000000000000e+02
3.410000000000000000e+02
4.150000000000000000e+02
3.470000000000000000e+02
4.870000000000000000e+02
1.210000000000000000e+02
2.590000000000000000e+02
2.079000000000000000e+03
8.290000000000000000e+02
3.050000000000000000e+02
2.649000000000000000e+03
2.917000000000000000e+03
6.640000000000000000e+02
7.500000000000000000e+01
1.040000000000000000e+03
9.900000000000000000e+01
2.200000000000000000e+02
6.730000000000000000e+02
3.320000000000000000e+02
3.790000000000000000e+02
1.020000000000000000e+03
8.810000000000000000e+02
5.210000000000000000e+02
7.160000000000000000e+02
9.510000000000000000e+02
1.330000000000000000e+02
1.720000000000000000e+02
4.150000000000000000e+02
1.857000000000000000e+03
2.199000000000000000e+03
3.790000000000000000e+02
2.204000000000000000e+03
1.300000000000000000e+03
7.540000000000000000e+02
1.039000000000000000e+03
9.840000000000000000e+02
1.167000000000000000e+03
1.300000000000000000e+03
7.920000000000000000e+02
9.940000000000000000e+02
2.054000000000000000e+03
3.200000000000000000e+01
7.090000000000000000e+02
7.220000000000000000e+02
6.090000000000000000e+02
2.630000000000000000e+02
1.900000000000000000e+01
6.800000000000000000e+02
1.816000000000000000e+03
9.510000000000000000e+02
7.970000000000000000e+02
9.210000000000000000e+02
1.017000000000000000e+03
1.577000000000000000e+03
1.209000000000000000e+03
1.627000000000000000e+03
1.210000000000000000e+02
1.050000000000000000e+03
7.220000000000000000e+02
9.000000000000000000e+00
1.605000000000000000e+03
3.800000000000000000e+01
2.693000000000000000e+03
9.510000000000000000e+02
7.630000000000000000e+02
1.089000000000000000e+03
8.790000000000000000e+02
4.870000000000000000e+02
3.410000000000000000e+02
1.901000000000000000e+03
1.588000000000000000e+03
1.009000000000000000e+03
3.200000000000000000e+01
2.521000000000000000e+03
3.030000000000000000e+02
1.017000000000000000e+03
8.750000000000000000e+02
2.090000000000000000e+02
2.654000000000000000e+03
3.790000000000000000e+02
1.571000000000000000e+03
6.800000000000000000e+02
8.640000000000000000e+02
1.017000000000000000e+03
8.290000000000000000e+02
9.000000000000000000e+00
1.080000000000000000e+02
2.060000000000000000e+02
2.090000000000000000e+02
6.280000000000000000e+02
1.720000000000000000e+02
6.800000000000000000e+02
2.692000000000000000e+03
6.790000000000000000e+02
3.050000000000000000e+02
2.009000000000000000e+03
1.089000000000000000e+03
1.225000000000000000e+03
7.970000000000000000e+02
2.090000000000000000e+02
1.293000000000000000e+03
7.540000000000000000e+02
5.240000000000000000e+02
1.564000000000000000e+03
3.790000000000000000e+02
1.331000000000000000e+03
1.673000000000000000e+03
1.373000000000000000e+03
1.540000000000000000e+02
2.720000000000000000e+03
2.201000000000000000e+03
5.170000000000000000e+02
8.640000000000000000e+02
7.220000000000000000e+02
8.290000000000000000e+02
6.390000000000000000e+02
7.840000000000000000e+02
2.630000000000000000e+02
2.439000000000000000e+03
5.590000000000000000e+02
8.270000000000000000e+02
8.260000000000000000e+02
5.250000000000000000e+02
1.080000000000000000e+02
5.170000000000000000e+02
1.673000000000000000e+03
1.778000000000000000e+03
7.970000000000000000e+02
3.790000000000000000e+02
1.778000000000000000e+03
8.320000000000000000e+02
8.260000000000000000e+02
1.293000000000000000e+03
2.100000000000000000e+01
7.220000000000000000e+02
8.750000000000000000e+02
3.790000000000000000e+02
1.900000000000000000e+02
1.222000000000000000e+03
1.710000000000000000e+02
3.770000000000000000e+02
7.220000000000000000e+02
4.530000000000000000e+02
1.683000000000000000e+03
3.200000000000000000e+01
2.885000000000000000e+03
2.692000000000000000e+03
3.800000000000000000e+01
1.332000000000000000e+03
3.670000000000000000e+02
7.500000000000000000e+01
1.300000000000000000e+02
3.410000000000000000e+02
8.280000000000000000e+02
8.280000000000000000e+02
8.690000000000000000e+02
3.770000000000000000e+02
6.280000000000000000e+02
3.470000000000000000e+02
7.170000000000000000e+02
2.199000000000000000e+03
2.100000000000000000e+01
4.140000000000000000e+02
6.850000000000000000e+02
7.500000000000000000e+01
2.201000000000000000e+03
1.480000000000000000e+02
3.800000000000000000e+01
8.810000000000000000e+02
8.000000000000000000e+02
1.588000000000000000e+03
5.220000000000000000e+02
8.260000000000000000e+02
5.240000000000000000e+02
7.640000000000000000e+02
1.514000000000000000e+03
1.900000000000000000e+02
9.840000000000000000e+02
4.850000000000000000e+02
2.586000000000000000e+03
3.790000000000000000e+02
1.017000000000000000e+03
8.290000000000000000e+02
1.330000000000000000e+02
5.170000000000000000e+02
5.170000000000000000e+02
6.730000000000000000e+02
4.140000000000000000e+02
1.398000000000000000e+03
3.070000000000000000e+02
2.630000000000000000e+02
7.070000000000000000e+02
3.440000000000000000e+02
7.090000000000000000e+02
7.550000000000000000e+02
9.840000000000000000e+02
1.857000000000000000e+03
1.033000000000000000e+03
2.090000000000000000e+02
7.220000000000000000e+02
3.100000000000000000e+01
5.170000000000000000e+02
1.717000000000000000e+03
1.310000000000000000e+02
1.655000000000000000e+03
3.770000000000000000e+02
2.919000000000000000e+03
1.011000000000000000e+03
5.610000000000000000e+02
6.800000000000000000e+02
1.225000000000000000e+03
1.420000000000000000e+02
4.510000000000000000e+02
2.630000000000000000e+02
1.839000000000000000e+03
1.039000000000000000e+03
9.840000000000000000e+02
4.150000000000000000e+02
7.500000000000000000e+01
8.410000000000000000e+02
1.011000000000000000e+03
9.510000000000000000e+02
1.003000000000000000e+03
2.630000000000000000e+02
1.073000000000000000e+03
2.917000000000000000e+03
1.071000000000000000e+03
3.050000000000000000e+02
4.870000000000000000e+02
4.460000000000000000e+02
1.673000000000000000e+03
4.150000000000000000e+02
3.100000000000000000e+01
9.000000000000000000e+00
1.373000000000000000e+03
6.800000000000000000e+02
3.008000000000000000e+03
2.759000000000000000e+03
6.400000000000000000e+01
2.710000000000000000e+02
2.609000000000000000e+03
1.100000000000000000e+01
2.432000000000000000e+03
2.630000000000000000e+02
7.390000000000000000e+02
7.220000000000000000e+02
6.430000000000000000e+02
6.800000000000000000e+02
1.900000000000000000e+02
3.770000000000000000e+02
1.145000000000000000e+03
1.774000000000000000e+03
3.410000000000000000e+02
7.370000000000000000e+02
6.300000000000000000e+02
2.590000000000000000e+02
6.800000000000000000e+02
2.978000000000000000e+03
4.090000000000000000e+02
4.460000000000000000e+02
3.670000000000000000e+02
2.201000000000000000e+03
1.261000000000000000e+03
5.000000000000000000e+00
2.351000000000000000e+03
1.451000000000000000e+03
1.168000000000000000e+03
1.673000000000000000e+03
2.498000000000000000e+03
7.420000000000000000e+02
3.410000000000000000e+02
3.720000000000000000e+02
7.500000000000000000e+01
2.282000000000000000e+03
1.980000000000000000e+03
4.530000000000000000e+02
5.590000000000000000e+02
8.300000000000000000e+02
7.640000000000000000e+02
6.300000000000000000e+02
9.510000000000000000e+02
3.200000000000000000e+01
8.810000000000000000e+02
2.090000000000000000e+02
2.644000000000000000e+03
2.630000000000000000e+02
2.060000000000000000e+02
1.525000000000000000e+03
1.605000000000000000e+03
1.901000000000000000e+03
2.086000000000000000e+03
1.530000000000000000e+02
1.629000000000000000e+03
1.412000000000000000e+03
6.370000000000000000e+02
1.225000000000000000e+03
3.790000000000000000e+02
1.137000000000000000e+03
3.070000000000000000e+02
1.451000000000000000e+03
3.800000000000000000e+01
2.200000000000000000e+01
2.630000000000000000e+02
2.630000000000000000e+02
1.778000000000000000e+03
6.070000000000000000e+02
2.630000000000000000e+02
2.521000000000000000e+03
2.200000000000000000e+02
2.086000000000000000e+03
3.430000000000000000e+02
2.768000000000000000e+03
3.770000000000000000e+02
8.090000000000000000e+02
7.970000000000000000e+02
1.330000000000000000e+02
1.812000000000000000e+03
1.145000000000000000e+03
3.790000000000000000e+02
1.948000000000000000e+03
1.371000000000000000e+03
3.430000000000000000e+02
6.760000000000000000e+02
1.480000000000000000e+02
6.800000000000000000e+02
1.373000000000000000e+03
2.804000000000000000e+03
2.282000000000000000e+03
1.332000000000000000e+03
7.500000000000000000e+01
1.494000000000000000e+03
8.290000000000000000e+02
2.590000000000000000e+02
2.023000000000000000e+03
7.100000000000000000e+02
9.990000000000000000e+02
2.692000000000000000e+03
9.900000000000000000e+02
1.710000000000000000e+02
5.220000000000000000e+02
1.173000000000000000e+03
1.568000000000000000e+03
1.042000000000000000e+03
2.630000000000000000e+02
2.651000000000000000e+03
1.043000000000000000e+03
3.800000000000000000e+01
2.630000000000000000e+02
1.480000000000000000e+02
3.790000000000000000e+02
1.605000000000000000e+03
3.410000000000000000e+02
1.145000000000000000e+03
6.300000000000000000e+02
2.950000000000000000e+02
2.978000000000000000e+03
1.130000000000000000e+02
7.420000000000000000e+02
7.840000000000000000e+02
2.500000000000000000e+02
7.500000000000000000e+01
1.091000000000000000e+03
1.200000000000000000e+01
1.371000000000000000e+03
3.010000000000000000e+02
7.220000000000000000e+02
7.970000000000000000e+02
5.590000000000000000e+02
3.030000000000000000e+02
3.100000000000000000e+01
8.960000000000000000e+02
1.673000000000000000e+03
1.039000000000000000e+03
2.630000000000000000e+02
1.530000000000000000e+02
1.778000000000000000e+03
1.042000000000000000e+03
2.665000000000000000e+03
7.170000000000000000e+02
1.089000000000000000e+03
2.630000000000000000e+02
1.815000000000000000e+03
6.300000000000000000e+02
8.390000000000000000e+02
6.090000000000000000e+02
6.300000000000000000e+02
1.009000000000000000e+03
9.990000000000000000e+02
3.410000000000000000e+02
3.790000000000000000e+02
2.693000000000000000e+03
6.750000000000000000e+02
9.510000000000000000e+02
7.970000000000000000e+02
2.423000000000000000e+03
1.510000000000000000e+02
8.320000000000000000e+02
6.300000000000000000e+02
2.201000000000000000e+03
1.168000000000000000e+03
3.670000000000000000e+02
5.100000000000000000e+01
1.089000000000000000e+03
1.040000000000000000e+03
1.220000000000000000e+02
1.773000000000000000e+03
5.590000000000000000e+02
3.360000000000000000e+02
8.290000000000000000e+02
8.960000000000000000e+02
2.919000000000000000e+03
2.692000000000000000e+03
1.262000000000000000e+03
1.452000000000000000e+03
8.810000000000000000e+02
1.679000000000000000e+03
3.410000000000000000e+02
3.770000000000000000e+02
6.730000000000000000e+02
7.970000000000000000e+02
1.003000000000000000e+03
1.900000000000000000e+02
2.692000000000000000e+03
2.630000000000000000e+02
2.630000000000000000e+02
3.790000000000000000e+02
5.710000000000000000e+02
9.700000000000000000e+02
7.500000000000000000e+01
6.430000000000000000e+02
6.750000000000000000e+02
1.901000000000000000e+03
7.220000000000000000e+02
7.970000000000000000e+02
2.090000000000000000e+02
3.800000000000000000e+01
2.270000000000000000e+02
7.430000000000000000e+02
1.210000000000000000e+02
7.220000000000000000e+02
9.990000000000000000e+02
5.220000000000000000e+02
1.310000000000000000e+02
6.470000000000000000e+02
8.650000000000000000e+02
4.150000000000000000e+02
3.030000000000000000e+02
3.200000000000000000e+01
3.200000000000000000e+01
3.410000000000000000e+02
7.820000000000000000e+02
2.630000000000000000e+02
2.990000000000000000e+02
2.090000000000000000e+02
9.840000000000000000e+02
9.670000000000000000e+02
1.869000000000000000e+03
1.480000000000000000e+02
5.260000000000000000e+02
7.970000000000000000e+02
7.970000000000000000e+02
2.630000000000000000e+02
1.293000000000000000e+03
8.090000000000000000e+02
2.804000000000000000e+03
1.003000000000000000e+03
2.351000000000000000e+03
1.901000000000000000e+03
8.290000000000000000e+02
3.410000000000000000e+02
9.990000000000000000e+02
2.687000000000000000e+03
2.060000000000000000e+02
1.225000000000000000e+03
1.374000000000000000e+03
3.330000000000000000e+02
2.768000000000000000e+03
8.660000000000000000e+02
2.025000000000000000e+03
8.280000000000000000e+02
5.610000000000000000e+02
7.370000000000000000e+02
7.220000000000000000e+02
6.800000000000000000e+02
1.475000000000000000e+03
3.030000000000000000e+02
1.330000000000000000e+02
9.670000000000000000e+02
7.500000000000000000e+01
1.857000000000000000e+03
4.070000000000000000e+02
3.200000000000000000e+01
1.009000000000000000e+03
2.768000000000000000e+03
7.070000000000000000e+02
1.225000000000000000e+03
1.055000000000000000e+03
1.338000000000000000e+03
3.770000000000000000e+02
5.170000000000000000e+02
1.332000000000000000e+03
3.800000000000000000e+01
4.870000000000000000e+02
2.204000000000000000e+03
1.600000000000000000e+03
1.089000000000000000e+03
4.780000000000000000e+02
1.480000000000000000e+02
3.010000000000000000e+02
1.855000000000000000e+03
3.790000000000000000e+02
2.644000000000000000e+03
6.750000000000000000e+02
9.150000000000000000e+02
1.220000000000000000e+02
2.060000000000000000e+02
7.180000000000000000e+02
1.480000000000000000e+02
3.050000000000000000e+02
3.050000000000000000e+02
1.820000000000000000e+03
3.010000000000000000e+02
9.990000000000000000e+02
1.043000000000000000e+03
1.530000000000000000e+02
3.470000000000000000e+02
4.210000000000000000e+02
2.692000000000000000e+03
9.510000000000000000e+02
1.180000000000000000e+03
2.680000000000000000e+02
1.452000000000000000e+03
5.260000000000000000e+02
1.857000000000000000e+03
3.410000000000000000e+02
7.970000000000000000e+02
2.561000000000000000e+03
2.687000000000000000e+03
6.800000000000000000e+02
1.677000000000000000e+03
2.725000000000000000e+03
6.800000000000000000e+02
4.070000000000000000e+02
7.970000000000000000e+02
1.373000000000000000e+03
1.225000000000000000e+03
5.590000000000000000e+02
3.800000000000000000e+01
1.168000000000000000e+03
7.970000000000000000e+02
1.017000000000000000e+03
7.370000000000000000e+02
7.430000000000000000e+02
4.140000000000000000e+02
1.767000000000000000e+03
1.494000000000000000e+03
3.030000000000000000e+02
1.019000000000000000e+03
1.374000000000000000e+03
1.262000000000000000e+03
1.039000000000000000e+03
5.170000000000000000e+02
1.200000000000000000e+01
4.000000000000000000e+02
2.692000000000000000e+03
3.790000000000000000e+02
4.070000000000000000e+02
3.010000000000000000e+02
