2.590000000000000000e+02
1.011000000000000000e+03
1.055000000000000000e+03
1.900000000000000000e+01
8.610000000000000000e+02
8.110000000000000000e+02
2.590000000000000000e+02
3.700000000000000000e+01
1.255000000000000000e+03
1.840000000000000000e+02
5.840000000000000000e+02
1.199000000000000000e+03
1.039000000000000000e+03
2.233000000000000000e+03
2.937000000000000000e+03
2.911000000000000000e+03
1.530000000000000000e+03
1.373000000000000000e+03
1.400000000000000000e+03
5.370000000000000000e+02
1.071000000000000000e+03
1.115000000000000000e+03
7.580000000000000000e+02
2.649000000000000000e+03
2.400000000000000000e+01
1.900000000000000000e+01
2.880000000000000000e+02
1.690000000000000000e+03
2.641000000000000000e+03
1.450000000000000000e+03
9.330000000000000000e+02
3.000000000000000000e+01
1.884000000000000000e+03
8.830000000000000000e+02
2.937000000000000000e+03
4.610000000000000000e+02
3.030000000000000000e+02
7.970000000000000000e+02
1.363000000000000000e+03
2.551000000000000000e+03
6.800000000000000000e+02
3.310000000000000000e+02
2.600000000000000000e+02
3.100000000000000000e+02
1.107000000000000000e+03
9.810000000000000000e+02
1.017000000000000000e+03
4.430000000000000000e+02
7.810000000000000000e+02
2.941000000000000000e+03
2.937000000000000000e+03
3.200000000000000000e+01
8.140000000000000000e+02
3.080000000000000000e+02
5.690000000000000000e+02
1.110000000000000000e+02
1.701000000000000000e+03
7.580000000000000000e+02
2.188000000000000000e+03
2.090000000000000000e+02
6.810000000000000000e+02
6.890000000000000000e+02
1.730000000000000000e+02
1.767000000000000000e+03
2.285000000000000000e+03
3.700000000000000000e+01
8.830000000000000000e+02
2.803000000000000000e+03
1.668000000000000000e+03
7.540000000000000000e+02
7.500000000000000000e+01
1.129000000000000000e+03
1.710000000000000000e+02
1.245000000000000000e+03
7.580000000000000000e+02
2.514000000000000000e+03
2.692000000000000000e+03
2.665000000000000000e+03
7.540000000000000000e+02
2.625000000000000000e+03
1.129000000000000000e+03
5.220000000000000000e+02
1.125000000000000000e+03
8.750000000000000000e+02
1.668000000000000000e+03
1.091000000000000000e+03
6.560000000000000000e+02
1.530000000000000000e+02
2.837000000000000000e+03
8.710000000000000000e+02
6.100000000000000000e+01
3.100000000000000000e+01
7.990000000000000000e+02
1.935000000000000000e+03
7.200000000000000000e+02
7.490000000000000000e+02
1.097000000000000000e+03
2.557000000000000000e+03
9.980000000000000000e+02
1.668000000000000000e+03
2.648000000000000000e+03
1.213000000000000000e+03
1.668000000000000000e+03
5.280000000000000000e+02
1.500000000000000000e+02
1.179000000000000000e+03
6.100000000000000000e+01
5.280000000000000000e+02
3.100000000000000000e+02
1.783000000000000000e+03
1.115000000000000000e+03
8.750000000000000000e+02
1.175000000000000000e+03
1.710000000000000000e+02
2.081000000000000000e+03
1.869000000000000000e+03
2.949000000000000000e+03
2.634000000000000000e+03
1.157000000000000000e+03
2.243000000000000000e+03
1.115000000000000000e+03
7.200000000000000000e+02
2.345000000000000000e+03
8.750000000000000000e+02
1.700000000000000000e+03
2.120000000000000000e+02
7.950000000000000000e+02
6.430000000000000000e+02
1.319000000000000000e+03
1.076000000000000000e+03
9.610000000000000000e+02
3.100000000000000000e+01
1.470000000000000000e+03
5.690000000000000000e+02
2.630000000000000000e+02
1.213000000000000000e+03
2.630000000000000000e+02
2.433000000000000000e+03
1.213000000000000000e+03
5.090000000000000000e+02
1.153000000000000000e+03
1.009000000000000000e+03
8.150000000000000000e+02
9.750000000000000000e+02
7.980000000000000000e+02
5.690000000000000000e+02
1.090000000000000000e+03
6.010000000000000000e+02
7.500000000000000000e+02
1.077000000000000000e+03
3.700000000000000000e+01
7.580000000000000000e+02
6.800000000000000000e+02
8.480000000000000000e+02
1.236000000000000000e+03
2.630000000000000000e+02
1.153000000000000000e+03
7.980000000000000000e+02
1.213000000000000000e+03
7.390000000000000000e+02
1.213000000000000000e+03
1.330000000000000000e+02
1.668000000000000000e+03
1.213000000000000000e+03
1.097000000000000000e+03
6.500000000000000000e+01
4.870000000000000000e+02
8.020000000000000000e+02
4.590000000000000000e+02
5.280000000000000000e+02
2.835000000000000000e+03
5.700000000000000000e+02
1.034000000000000000e+03
2.695000000000000000e+03
3.260000000000000000e+02
2.648000000000000000e+03
2.197000000000000000e+03
2.651000000000000000e+03
2.089000000000000000e+03
1.080000000000000000e+02
2.600000000000000000e+01
2.053000000000000000e+03
8.510000000000000000e+02
7.980000000000000000e+02
9.490000000000000000e+02
1.394000000000000000e+03
2.301000000000000000e+03
1.120000000000000000e+03
1.028000000000000000e+03
1.054000000000000000e+03
1.651000000000000000e+03
3.410000000000000000e+02
9.490000000000000000e+02
2.170000000000000000e+02
1.131000000000000000e+03
1.129000000000000000e+03
1.120000000000000000e+03
4.430000000000000000e+02
4.300000000000000000e+01
2.561000000000000000e+03
1.741000000000000000e+03
2.360000000000000000e+03
2.902000000000000000e+03
1.668000000000000000e+03
1.129000000000000000e+03
5.720000000000000000e+02
9.810000000000000000e+02
2.630000000000000000e+02
2.291000000000000000e+03
3.000000000000000000e+00
2.928000000000000000e+03
2.630000000000000000e+02
1.590000000000000000e+02
2.630000000000000000e+02
1.009000000000000000e+03
2.687000000000000000e+03
4.420000000000000000e+02
1.213000000000000000e+03
1.053000000000000000e+03
2.070000000000000000e+02
1.079000000000000000e+03
4.870000000000000000e+02
1.841000000000000000e+03
2.619000000000000000e+03
1.838000000000000000e+03
7.500000000000000000e+01
1.537000000000000000e+03
1.900000000000000000e+02
1.055000000000000000e+03
7.940000000000000000e+02
1.764000000000000000e+03
1.090000000000000000e+02
4.100000000000000000e+01
1.918000000000000000e+03
1.018000000000000000e+03
8.030000000000000000e+02
1.827000000000000000e+03
1.512000000000000000e+03
1.742000000000000000e+03
1.130000000000000000e+02
1.867000000000000000e+03
3.920000000000000000e+02
4.100000000000000000e+02
1.098000000000000000e+03
7.540000000000000000e+02
2.897000000000000000e+03
2.427000000000000000e+03
4.890000000000000000e+02
1.104000000000000000e+03
1.711000000000000000e+03
1.778000000000000000e+03
1.900000000000000000e+02
1.668000000000000000e+03
1.432000000000000000e+03
1.698000000000000000e+03
5.690000000000000000e+02
2.648000000000000000e+03
9.620000000000000000e+02
1.253000000000000000e+03
1.732000000000000000e+03
8.040000000000000000e+02
1.125000000000000000e+03
1.777000000000000000e+03
3.000000000000000000e+01
1.839000000000000000e+03
6.580000000000000000e+02
5.690000000000000000e+02
1.100000000000000000e+02
2.644000000000000000e+03
1.028000000000000000e+03
2.693000000000000000e+03
2.010000000000000000e+03
1.852000000000000000e+03
1.091000000000000000e+03
1.978000000000000000e+03
8.750000000000000000e+02
2.370000000000000000e+02
2.060000000000000000e+02
7.110000000000000000e+02
5.100000000000000000e+02
1.020000000000000000e+03
5.280000000000000000e+02
2.880000000000000000e+02
1.812000000000000000e+03
6.800000000000000000e+02
1.245000000000000000e+03
1.115000000000000000e+03
1.077000000000000000e+03
2.700000000000000000e+02
1.028000000000000000e+03
1.155000000000000000e+03
1.129000000000000000e+03
2.366000000000000000e+03
9.510000000000000000e+02
2.368000000000000000e+03
1.045000000000000000e+03
1.179000000000000000e+03
1.668000000000000000e+03
1.700000000000000000e+03
2.506000000000000000e+03
1.687000000000000000e+03
8.840000000000000000e+02
8.320000000000000000e+02
3.410000000000000000e+02
2.619000000000000000e+03
1.120000000000000000e+03
7.850000000000000000e+02
3.760000000000000000e+02
1.175000000000000000e+03
1.622000000000000000e+03
1.978000000000000000e+03
4.170000000000000000e+02
1.091000000000000000e+03
7.840000000000000000e+02
6.800000000000000000e+02
9.700000000000000000e+02
7.270000000000000000e+02
1.125000000000000000e+03
5.210000000000000000e+02
9.490000000000000000e+02
1.246000000000000000e+03
2.690000000000000000e+02
1.150000000000000000e+02
2.692000000000000000e+03
1.081000000000000000e+03
2.400000000000000000e+03
8.800000000000000000e+02
1.065000000000000000e+03
1.129000000000000000e+03
1.110000000000000000e+02
1.213000000000000000e+03
2.400000000000000000e+01
1.120000000000000000e+03
7.140000000000000000e+02
1.921000000000000000e+03
2.227000000000000000e+03
7.950000000000000000e+02
2.342000000000000000e+03
6.800000000000000000e+02
2.630000000000000000e+02
1.028000000000000000e+03
1.093000000000000000e+03
1.687000000000000000e+03
1.153000000000000000e+03
1.230000000000000000e+02
1.060000000000000000e+02
1.009000000000000000e+03
7.580000000000000000e+02
4.470000000000000000e+02
1.537000000000000000e+03
1.820000000000000000e+02
1.701000000000000000e+03
2.090000000000000000e+02
8.500000000000000000e+01
1.091000000000000000e+03
1.668000000000000000e+03
1.213000000000000000e+03
6.210000000000000000e+02
2.880000000000000000e+02
1.078000000000000000e+03
6.200000000000000000e+02
2.693000000000000000e+03
2.630000000000000000e+02
2.630000000000000000e+02
2.600000000000000000e+03
1.125000000000000000e+03
6.940000000000000000e+02
1.730000000000000000e+03
6.800000000000000000e+02
8.710000000000000000e+02
2.630000000000000000e+02
1.559000000000000000e+03
1.389000000000000000e+03
4.780000000000000000e+02
7.290000000000000000e+02
5.650000000000000000e+02
4.170000000000000000e+02
1.640000000000000000e+02
1.120000000000000000e+03
7.840000000000000000e+02
1.125000000000000000e+03
3.700000000000000000e+01
1.040000000000000000e+03
1.213000000000000000e+03
2.630000000000000000e+02
7.850000000000000000e+02
6.430000000000000000e+02
1.663000000000000000e+03
3.800000000000000000e+01
7.890000000000000000e+02
7.170000000000000000e+02
7.820000000000000000e+02
1.039000000000000000e+03
7.200000000000000000e+02
1.213000000000000000e+03
2.658000000000000000e+03
2.937000000000000000e+03
9.490000000000000000e+02
4.000000000000000000e+02
1.668000000000000000e+03
1.169000000000000000e+03
7.950000000000000000e+02
8.700000000000000000e+01
2.828000000000000000e+03
1.691000000000000000e+03
7.630000000000000000e+02
6.810000000000000000e+02
6.100000000000000000e+01
7.150000000000000000e+02
1.802000000000000000e+03
2.227000000000000000e+03
4.910000000000000000e+02
1.040000000000000000e+03
9.490000000000000000e+02
2.835000000000000000e+03
1.580000000000000000e+02
7.950000000000000000e+02
7.680000000000000000e+02
2.937000000000000000e+03
1.121000000000000000e+03
7.580000000000000000e+02
5.220000000000000000e+02
2.630000000000000000e+02
1.850000000000000000e+02
3.100000000000000000e+02
8.820000000000000000e+02
1.977000000000000000e+03
1.767000000000000000e+03
2.630000000000000000e+02
5.520000000000000000e+02
1.935000000000000000e+03
8.280000000000000000e+02
7.580000000000000000e+02
7.810000000000000000e+02
1.125000000000000000e+03
1.009000000000000000e+03
9.350000000000000000e+02
1.229000000000000000e+03
8.710000000000000000e+02
2.650000000000000000e+02
1.711000000000000000e+03
1.695000000000000000e+03
1.369000000000000000e+03
1.115000000000000000e+03
1.245000000000000000e+03
2.493000000000000000e+03
2.937000000000000000e+03
1.213000000000000000e+03
9.650000000000000000e+02
9.150000000000000000e+02
1.031000000000000000e+03
1.253000000000000000e+03
1.213000000000000000e+03
9.990000000000000000e+02
3.300000000000000000e+02
5.670000000000000000e+02
4.070000000000000000e+02
1.559000000000000000e+03
1.665000000000000000e+03
1.120000000000000000e+03
7.850000000000000000e+02
6.400000000000000000e+01
2.081000000000000000e+03
2.630000000000000000e+03
1.840000000000000000e+02
6.860000000000000000e+02
2.318000000000000000e+03
6.470000000000000000e+02
3.050000000000000000e+02
1.561000000000000000e+03
1.153000000000000000e+03
1.001000000000000000e+03
1.196000000000000000e+03
1.742000000000000000e+03
7.100000000000000000e+02
9.950000000000000000e+02
1.702000000000000000e+03
1.765000000000000000e+03
2.605000000000000000e+03
6.020000000000000000e+02
1.419000000000000000e+03
1.668000000000000000e+03
2.937000000000000000e+03
1.419000000000000000e+03
1.668000000000000000e+03
8.960000000000000000e+02
8.710000000000000000e+02
1.072000000000000000e+03
2.199000000000000000e+03
5.720000000000000000e+02
2.847000000000000000e+03
2.937000000000000000e+03
2.481000000000000000e+03
1.559000000000000000e+03
9.570000000000000000e+02
6.020000000000000000e+02
2.323000000000000000e+03
1.080000000000000000e+02
6.210000000000000000e+02
1.120000000000000000e+03
1.419000000000000000e+03
3.100000000000000000e+01
5.090000000000000000e+02
4.890000000000000000e+02
2.044000000000000000e+03
1.668000000000000000e+03
1.017000000000000000e+03
1.838000000000000000e+03
2.193000000000000000e+03
6.800000000000000000e+02
1.583000000000000000e+03
8.530000000000000000e+02
5.710000000000000000e+02
1.120000000000000000e+03
2.395000000000000000e+03
1.530000000000000000e+02
1.011000000000000000e+03
5.690000000000000000e+02
7.500000000000000000e+01
6.120000000000000000e+02
1.130000000000000000e+03
8.150000000000000000e+02
1.970000000000000000e+02
1.559000000000000000e+03
5.280000000000000000e+02
1.129000000000000000e+03
2.379000000000000000e+03
3.800000000000000000e+01
1.776000000000000000e+03
3.670000000000000000e+02
1.200000000000000000e+03
9.630000000000000000e+02
4.760000000000000000e+02
1.687000000000000000e+03
1.055000000000000000e+03
1.980000000000000000e+02
1.090000000000000000e+03
8.750000000000000000e+02
7.650000000000000000e+02
1.361000000000000000e+03
1.597000000000000000e+03
8.750000000000000000e+02
2.817000000000000000e+03
1.179000000000000000e+03
2.937000000000000000e+03
7.310000000000000000e+02
2.370000000000000000e+02
3.770000000000000000e+02
2.710000000000000000e+03
3.670000000000000000e+02
1.229000000000000000e+03
1.079000000000000000e+03
7.520000000000000000e+02
1.856000000000000000e+03
1.151000000000000000e+03
1.053000000000000000e+03
9.000000000000000000e+02
9.570000000000000000e+02
1.323000000000000000e+03
3.410000000000000000e+02
2.920000000000000000e+03
9.990000000000000000e+02
9.770000000000000000e+02
2.561000000000000000e+03
2.937000000000000000e+03
3.410000000000000000e+02
1.668000000000000000e+03
3.000000000000000000e+01
1.141000000000000000e+03
6.810000000000000000e+02
3.800000000000000000e+01
6.020000000000000000e+02
4.770000000000000000e+02
1.530000000000000000e+03
1.419000000000000000e+03
2.313000000000000000e+03
5.220000000000000000e+02
1.115000000000000000e+03
6.860000000000000000e+02
7.580000000000000000e+02
1.009000000000000000e+03
1.015000000000000000e+03
1.055000000000000000e+03
3.260000000000000000e+02
4.750000000000000000e+02
1.810000000000000000e+02
2.639000000000000000e+03
1.660000000000000000e+03
2.843000000000000000e+03
2.318000000000000000e+03
7.580000000000000000e+02
6.860000000000000000e+02
2.485000000000000000e+03
7.150000000000000000e+02
1.270000000000000000e+03
1.370000000000000000e+03
2.574000000000000000e+03
1.828000000000000000e+03
2.197000000000000000e+03
6.010000000000000000e+02
7.170000000000000000e+02
1.145000000000000000e+03
1.236000000000000000e+03
1.040000000000000000e+03
1.108000000000000000e+03
3.600000000000000000e+01
2.281000000000000000e+03
2.669000000000000000e+03
6.470000000000000000e+02
5.550000000000000000e+02
8.320000000000000000e+02
6.710000000000000000e+02
2.937000000000000000e+03
2.565000000000000000e+03
7.500000000000000000e+01
1.040000000000000000e+03
1.461000000000000000e+03
1.185000000000000000e+03
7.580000000000000000e+02
1.039000000000000000e+03
2.081000000000000000e+03
7.580000000000000000e+02
9.770000000000000000e+02
1.054000000000000000e+03
1.810000000000000000e+02
1.011000000000000000e+03
3.100000000000000000e+01
1.058000000000000000e+03
1.400000000000000000e+03
7.970000000000000000e+02
1.668000000000000000e+03
1.009000000000000000e+03
1.179000000000000000e+03
8.270000000000000000e+02
4.750000000000000000e+02
4.200000000000000000e+01
2.630000000000000000e+02
4.420000000000000000e+02
8.260000000000000000e+02
2.630000000000000000e+02
2.540000000000000000e+03
7.580000000000000000e+02
8.670000000000000000e+02
2.043000000000000000e+03
7.170000000000000000e+02
2.075000000000000000e+03
1.175000000000000000e+03
6.800000000000000000e+02
1.870000000000000000e+02
1.050000000000000000e+03
1.213000000000000000e+03
4.610000000000000000e+02
7.960000000000000000e+02
2.950000000000000000e+02
1.144000000000000000e+03
7.330000000000000000e+02
1.213000000000000000e+03
2.561000000000000000e+03
8.400000000000000000e+01
1.807000000000000000e+03
1.125000000000000000e+03
1.120000000000000000e+03
1.668000000000000000e+03
1.530000000000000000e+02
1.079000000000000000e+03
8.340000000000000000e+02
2.370000000000000000e+02
1.213000000000000000e+03
1.668000000000000000e+03
1.120000000000000000e+03
7.170000000000000000e+02
8.340000000000000000e+02
1.180000000000000000e+03
3.660000000000000000e+02
6.800000000000000000e+02
7.950000000000000000e+02
1.146000000000000000e+03
6.800000000000000000e+02
4.910000000000000000e+02
5.690000000000000000e+02
1.478000000000000000e+03
9.360000000000000000e+02
1.573000000000000000e+03
9.760000000000000000e+02
2.641000000000000000e+03
8.130000000000000000e+02
1.419000000000000000e+03
1.284000000000000000e+03
3.750000000000000000e+02
1.213000000000000000e+03
1.175000000000000000e+03
7.970000000000000000e+02
6.100000000000000000e+01
4.070000000000000000e+02
2.269000000000000000e+03
7.500000000000000000e+01
1.812000000000000000e+03
6.780000000000000000e+02
2.110000000000000000e+02
4.000000000000000000e+02
1.452000000000000000e+03
1.175000000000000000e+03
2.318000000000000000e+03
9.750000000000000000e+02
2.026000000000000000e+03
7.850000000000000000e+02
2.603000000000000000e+03
1.900000000000000000e+01
1.130000000000000000e+03
8.420000000000000000e+02
1.019000000000000000e+03
1.783000000000000000e+03
3.100000000000000000e+01
3.100000000000000000e+01
2.937000000000000000e+03
2.735000000000000000e+03
1.217000000000000000e+03
4.600000000000000000e+02
8.640000000000000000e+02
6.850000000000000000e+02
1.080000000000000000e+02
2.400000000000000000e+03
1.530000000000000000e+02
8.750000000000000000e+02
1.840000000000000000e+02
9.700000000000000000e+02
1.028000000000000000e+03
2.089000000000000000e+03
2.680000000000000000e+02
9.640000000000000000e+02
2.847000000000000000e+03
1.935000000000000000e+03
9.390000000000000000e+02
3.390000000000000000e+02
9.290000000000000000e+02
2.950000000000000000e+02
2.084000000000000000e+03
8.290000000000000000e+02
5.710000000000000000e+02
2.648000000000000000e+03
2.937000000000000000e+03
2.188000000000000000e+03
3.100000000000000000e+01
1.078000000000000000e+03
8.800000000000000000e+01
6.300000000000000000e+01
2.609000000000000000e+03
1.055000000000000000e+03
7.950000000000000000e+02
1.400000000000000000e+03
8.830000000000000000e+02
1.389000000000000000e+03
7.150000000000000000e+02
6.470000000000000000e+02
1.330000000000000000e+02
2.641000000000000000e+03
7.950000000000000000e+02
1.591000000000000000e+03
2.199000000000000000e+03
2.937000000000000000e+03
2.047000000000000000e+03
1.376000000000000000e+03
8.290000000000000000e+02
7.840000000000000000e+02
1.363000000000000000e+03
1.337000000000000000e+03
8.280000000000000000e+02
2.007000000000000000e+03
1.800000000000000000e+03
8.750000000000000000e+02
1.175000000000000000e+03
7.850000000000000000e+02
9.490000000000000000e+02
5.770000000000000000e+02
2.630000000000000000e+02
1.580000000000000000e+02
6.810000000000000000e+02
1.865000000000000000e+03
9.930000000000000000e+02
1.213000000000000000e+03
1.918000000000000000e+03
1.093000000000000000e+03
2.400000000000000000e+01
1.486000000000000000e+03
1.100000000000000000e+02
1.001000000000000000e+03
1.001000000000000000e+03
1.668000000000000000e+03
7.500000000000000000e+01
1.055000000000000000e+03
1.097000000000000000e+03
2.693000000000000000e+03
1.028000000000000000e+03
2.267000000000000000e+03
1.117000000000000000e+03
8.790000000000000000e+02
7.580000000000000000e+02
1.510000000000000000e+02
1.978000000000000000e+03
2.962000000000000000e+03
1.009000000000000000e+03
4.880000000000000000e+02
8.820000000000000000e+02
2.540000000000000000e+03
1.045000000000000000e+03
1.019000000000000000e+03
2.941000000000000000e+03
6.800000000000000000e+02
1.823000000000000000e+03
1.571000000000000000e+03
6.800000000000000000e+02
1.350000000000000000e+02
1.017000000000000000e+03
8.290000000000000000e+02
1.757000000000000000e+03
2.919000000000000000e+03
1.071000000000000000e+03
2.880000000000000000e+02
5.870000000000000000e+02
9.260000000000000000e+02
1.877000000000000000e+03
6.800000000000000000e+02
8.300000000000000000e+02
4.970000000000000000e+02
2.009000000000000000e+03
1.109000000000000000e+03
1.225000000000000000e+03
5.690000000000000000e+02
5.590000000000000000e+02
1.484000000000000000e+03
8.300000000000000000e+02
6.700000000000000000e+02
2.043000000000000000e+03
5.690000000000000000e+02
1.105000000000000000e+03
1.141000000000000000e+03
7.840000000000000000e+02
7.380000000000000000e+02
7.150000000000000000e+02
2.201000000000000000e+03
2.751000000000000000e+03
7.870000000000000000e+02
1.115000000000000000e+03
5.970000000000000000e+02
1.941000000000000000e+03
7.840000000000000000e+02
1.137000000000000000e+03
8.410000000000000000e+02
1.620000000000000000e+03
8.270000000000000000e+02
1.115000000000000000e+03
2.271000000000000000e+03
2.669000000000000000e+03
5.170000000000000000e+02
1.028000000000000000e+03
1.153000000000000000e+03
8.710000000000000000e+02
5.690000000000000000e+02
1.055000000000000000e+03
9.080000000000000000e+02
2.567000000000000000e+03
1.711000000000000000e+03
4.250000000000000000e+02
1.115000000000000000e+03
8.750000000000000000e+02
7.950000000000000000e+02
4.910000000000000000e+02
1.144000000000000000e+03
4.030000000000000000e+02
7.980000000000000000e+02
1.668000000000000000e+03
2.105000000000000000e+03
1.683000000000000000e+03
7.970000000000000000e+02
1.213000000000000000e+03
2.728000000000000000e+03
1.090000000000000000e+02
1.144000000000000000e+03
4.070000000000000000e+02
9.000000000000000000e+00
6.200000000000000000e+02
1.213000000000000000e+03
2.130000000000000000e+02
4.850000000000000000e+02
1.213000000000000000e+03
5.690000000000000000e+02
1.037000000000000000e+03
9.770000000000000000e+02
5.820000000000000000e+02
7.170000000000000000e+02
1.009000000000000000e+03
7.200000000000000000e+02
1.979000000000000000e+03
7.500000000000000000e+01
5.280000000000000000e+02
1.230000000000000000e+02
1.840000000000000000e+02
8.140000000000000000e+02
2.586000000000000000e+03
1.245000000000000000e+03
6.930000000000000000e+02
7.820000000000000000e+02
9.420000000000000000e+02
1.220000000000000000e+02
9.070000000000000000e+02
1.213000000000000000e+03
9.840000000000000000e+02
1.043000000000000000e+03
2.779000000000000000e+03
7.950000000000000000e+02
1.245000000000000000e+03
8.290000000000000000e+02
1.330000000000000000e+02
5.170000000000000000e+02
1.605000000000000000e+03
9.990000000000000000e+02
6.430000000000000000e+02
1.056000000000000000e+03
4.580000000000000000e+02
2.630000000000000000e+02
1.125000000000000000e+03
1.980000000000000000e+02
7.490000000000000000e+02
2.919000000000000000e+03
1.363000000000000000e+03
5.690000000000000000e+02
1.220000000000000000e+03
9.750000000000000000e+02
9.490000000000000000e+02
1.500000000000000000e+02
1.196000000000000000e+03
1.884000000000000000e+03
1.320000000000000000e+02
1.695000000000000000e+03
7.950000000000000000e+02
2.919000000000000000e+03
1.092000000000000000e+03
7.440000000000000000e+02
1.441000000000000000e+03
1.009000000000000000e+03
3.100000000000000000e+02
4.170000000000000000e+02
1.668000000000000000e+03
1.839000000000000000e+03
1.075000000000000000e+03
9.840000000000000000e+02
7.970000000000000000e+02
7.960000000000000000e+02
2.947000000000000000e+03
1.081000000000000000e+03
2.281000000000000000e+03
9.700000000000000000e+02
6.810000000000000000e+02
1.120000000000000000e+03
2.730000000000000000e+02
1.125000000000000000e+03
7.350000000000000000e+02
1.823000000000000000e+03
9.560000000000000000e+02
1.673000000000000000e+03
1.175000000000000000e+03
3.260000000000000000e+02
1.001000000000000000e+03
1.700000000000000000e+03
1.091000000000000000e+03
1.100000000000000000e+01
2.759000000000000000e+03
6.400000000000000000e+01
1.147000000000000000e+03
8.400000000000000000e+02
1.077000000000000000e+03
2.432000000000000000e+03
7.580000000000000000e+02
8.520000000000000000e+02
1.668000000000000000e+03
7.580000000000000000e+02
6.810000000000000000e+02
8.710000000000000000e+02
1.213000000000000000e+03
1.130000000000000000e+03
2.117000000000000000e+03
5.280000000000000000e+02
1.921000000000000000e+03
7.680000000000000000e+02
1.055000000000000000e+03
6.800000000000000000e+02
2.978000000000000000e+03
4.090000000000000000e+02
8.430000000000000000e+02
3.690000000000000000e+02
2.539000000000000000e+03
1.283000000000000000e+03
2.928000000000000000e+03
7.180000000000000000e+02
2.383000000000000000e+03
1.144000000000000000e+03
1.484000000000000000e+03
2.247000000000000000e+03
1.045000000000000000e+03
7.980000000000000000e+02
7.630000000000000000e+02
7.500000000000000000e+01
2.243000000000000000e+03
2.207000000000000000e+03
4.510000000000000000e+02
2.370000000000000000e+02
8.300000000000000000e+02
1.927000000000000000e+03
9.630000000000000000e+02
7.230000000000000000e+02
3.000000000000000000e+01
1.125000000000000000e+03
9.640000000000000000e+02
2.689000000000000000e+03
4.890000000000000000e+02
4.220000000000000000e+02
1.849000000000000000e+03
2.975000000000000000e+03
1.978000000000000000e+03
1.363000000000000000e+03
3.510000000000000000e+02
9.840000000000000000e+02
1.130000000000000000e+03
2.269000000000000000e+03
2.880000000000000000e+02
7.980000000000000000e+02
1.481000000000000000e+03
1.012000000000000000e+03
1.926000000000000000e+03
2.630000000000000000e+02
2.920000000000000000e+03
3.390000000000000000e+02
2.630000000000000000e+02
3.700000000000000000e+01
6.070000000000000000e+02
4.920000000000000000e+02
2.485000000000000000e+03
2.023000000000000000e+03
6.810000000000000000e+02
9.250000000000000000e+02
1.654000000000000000e+03
1.823000000000000000e+03
7.370000000000000000e+02
1.213000000000000000e+03
1.091000000000000000e+03
1.660000000000000000e+03
1.074000000000000000e+03
2.318000000000000000e+03
2.081000000000000000e+03
6.770000000000000000e+02
3.490000000000000000e+02
1.854000000000000000e+03
1.213000000000000000e+03
6.800000000000000000e+02
1.741000000000000000e+03
2.270000000000000000e+02
1.027000000000000000e+03
2.609000000000000000e+03
7.500000000000000000e+01
1.572000000000000000e+03
6.020000000000000000e+02
9.000000000000000000e+00
8.960000000000000000e+02
2.437000000000000000e+03
2.941000000000000000e+03
2.469000000000000000e+03
1.978000000000000000e+03
1.125000000000000000e+03
5.220000000000000000e+02
1.497000000000000000e+03
9.110000000000000000e+02
1.155000000000000000e+03
2.937000000000000000e+03
2.603000000000000000e+03
1.045000000000000000e+03
1.100000000000000000e+02
1.668000000000000000e+03
1.110000000000000000e+02
1.175000000000000000e+03
2.400000000000000000e+01
6.590000000000000000e+02
1.055000000000000000e+03
2.227000000000000000e+03
2.950000000000000000e+02
2.978000000000000000e+03
1.213000000000000000e+03
1.011000000000000000e+03
2.941000000000000000e+03
1.027000000000000000e+03
7.500000000000000000e+01
1.091000000000000000e+03
3.000000000000000000e+01
1.942000000000000000e+03
3.670000000000000000e+02
1.668000000000000000e+03
8.710000000000000000e+02
1.270000000000000000e+03
6.430000000000000000e+02
1.500000000000000000e+02
9.290000000000000000e+02
2.395000000000000000e+03
1.115000000000000000e+03
2.630000000000000000e+02
1.300000000000000000e+03
1.700000000000000000e+03
1.205000000000000000e+03
2.665000000000000000e+03
6.750000000000000000e+02
1.109000000000000000e+03
1.668000000000000000e+03
1.815000000000000000e+03
7.360000000000000000e+02
6.120000000000000000e+02
6.090000000000000000e+02
7.300000000000000000e+02
1.157000000000000000e+03
2.370000000000000000e+02
1.870000000000000000e+02
7.950000000000000000e+02
2.693000000000000000e+03
1.053000000000000000e+03
1.255000000000000000e+03
1.213000000000000000e+03
1.695000000000000000e+03
2.270000000000000000e+02
1.591000000000000000e+03
7.680000000000000000e+02
7.950000000000000000e+02
1.077000000000000000e+03
3.670000000000000000e+02
2.974000000000000000e+03
1.109000000000000000e+03
1.232000000000000000e+03
7.640000000000000000e+02
2.522000000000000000e+03
4.000000000000000000e+02
3.750000000000000000e+02
2.233000000000000000e+03
8.960000000000000000e+02
1.080000000000000000e+02
6.800000000000000000e+02
2.880000000000000000e+02
2.529000000000000000e+03
8.150000000000000000e+02
1.691000000000000000e+03
1.900000000000000000e+02
5.690000000000000000e+02
1.377000000000000000e+03
7.970000000000000000e+02
1.661000000000000000e+03
1.213000000000000000e+03
6.810000000000000000e+02
9.490000000000000000e+02
1.668000000000000000e+03
5.660000000000000000e+02
2.670000000000000000e+02
1.273000000000000000e+03
2.630000000000000000e+02
7.580000000000000000e+02
6.750000000000000000e+02
1.940000000000000000e+03
1.668000000000000000e+03
1.213000000000000000e+03
9.750000000000000000e+02
7.580000000000000000e+02
5.650000000000000000e+02
5.600000000000000000e+02
1.600000000000000000e+02
1.668000000000000000e+03
2.860000000000000000e+02
2.310000000000000000e+02
1.452000000000000000e+03
2.322000000000000000e+03
9.630000000000000000e+02
7.950000000000000000e+02
7.580000000000000000e+02
5.280000000000000000e+02
7.970000000000000000e+02
6.810000000000000000e+02
8.470000000000000000e+02
2.630000000000000000e+02
2.600000000000000000e+01
3.250000000000000000e+02
8.840000000000000000e+02
9.980000000000000000e+02
2.485000000000000000e+03
3.100000000000000000e+01
8.300000000000000000e+02
7.970000000000000000e+02
5.690000000000000000e+02
2.630000000000000000e+02
1.179000000000000000e+03
8.090000000000000000e+02
3.750000000000000000e+02
1.580000000000000000e+03
2.431000000000000000e+03
1.940000000000000000e+03
1.620000000000000000e+03
1.213000000000000000e+03
4.260000000000000000e+02
2.512000000000000000e+03
9.920000000000000000e+02
1.580000000000000000e+03
1.121000000000000000e+03
4.070000000000000000e+02
2.728000000000000000e+03
1.245000000000000000e+03
1.732000000000000000e+03
8.280000000000000000e+02
9.540000000000000000e+02
1.873000000000000000e+03
1.668000000000000000e+03
6.810000000000000000e+02
9.270000000000000000e+02
1.470000000000000000e+02
1.091000000000000000e+03
3.070000000000000000e+02
2.630000000000000000e+02
1.032000000000000000e+03
4.430000000000000000e+02
9.490000000000000000e+02
1.009000000000000000e+03
2.641000000000000000e+03
8.110000000000000000e+02
1.541000000000000000e+03
1.091000000000000000e+03
1.090000000000000000e+03
7.950000000000000000e+02
1.580000000000000000e+02
1.445000000000000000e+03
3.800000000000000000e+01
2.630000000000000000e+02
1.694000000000000000e+03
1.600000000000000000e+03
1.120000000000000000e+03
2.080000000000000000e+02
2.957000000000000000e+03
7.200000000000000000e+02
1.887000000000000000e+03
7.980000000000000000e+02
2.644000000000000000e+03
4.060000000000000000e+02
9.890000000000000000e+02
1.001000000000000000e+03
3.500000000000000000e+02
7.940000000000000000e+02
1.480000000000000000e+02
4.970000000000000000e+02
5.200000000000000000e+02
1.363000000000000000e+03
4.870000000000000000e+02
1.308000000000000000e+03
1.043000000000000000e+03
1.530000000000000000e+02
9.750000000000000000e+02
3.430000000000000000e+02
2.567000000000000000e+03
9.510000000000000000e+02
1.180000000000000000e+03
3.050000000000000000e+02
1.452000000000000000e+03
1.588000000000000000e+03
1.974000000000000000e+03
1.288000000000000000e+03
5.690000000000000000e+02
2.565000000000000000e+03
2.475000000000000000e+03
2.200000000000000000e+03
7.120000000000000000e+02
2.686000000000000000e+03
3.038000000000000000e+03
4.430000000000000000e+02
1.600000000000000000e+01
4.060000000000000000e+02
9.410000000000000000e+02
1.232000000000000000e+03
3.700000000000000000e+01
1.115000000000000000e+03
1.175000000000000000e+03
1.421000000000000000e+03
2.075000000000000000e+03
1.954000000000000000e+03
7.200000000000000000e+02
1.884000000000000000e+03
1.618000000000000000e+03
7.200000000000000000e+02
1.438000000000000000e+03
2.603000000000000000e+03
9.740000000000000000e+02
9.500000000000000000e+02
1.695000000000000000e+03
3.000000000000000000e+01
6.600000000000000000e+02
2.767000000000000000e+03
1.213000000000000000e+03
1.900000000000000000e+01
4.870000000000000000e+02
