2.590000000000000000e+02
7.820000000000000000e+02
1.097000000000000000e+03
1.900000000000000000e+01
5.230000000000000000e+02
1.114000000000000000e+03
2.590000000000000000e+02
7.100000000000000000e+01
1.255000000000000000e+03
3.800000000000000000e+01
1.100000000000000000e+01
2.977000000000000000e+03
1.115000000000000000e+03
2.271000000000000000e+03
2.935000000000000000e+03
2.890000000000000000e+03
2.943000000000000000e+03
1.145000000000000000e+03
1.112000000000000000e+03
6.510000000000000000e+02
1.071000000000000000e+03
1.706000000000000000e+03
9.880000000000000000e+02
2.650000000000000000e+03
3.400000000000000000e+01
1.900000000000000000e+01
2.100000000000000000e+02
4.890000000000000000e+02
2.762000000000000000e+03
1.146000000000000000e+03
9.580000000000000000e+02
2.875000000000000000e+03
7.680000000000000000e+02
8.830000000000000000e+02
4.170000000000000000e+02
6.470000000000000000e+02
5.320000000000000000e+02
1.139000000000000000e+03
1.402000000000000000e+03
2.551000000000000000e+03
2.692000000000000000e+03
7.160000000000000000e+02
1.593000000000000000e+03
8.400000000000000000e+02
1.107000000000000000e+03
7.580000000000000000e+02
1.130000000000000000e+03
1.125000000000000000e+03
6.750000000000000000e+02
7.850000000000000000e+02
2.809000000000000000e+03
3.400000000000000000e+01
7.750000000000000000e+02
4.370000000000000000e+02
5.690000000000000000e+02
1.110000000000000000e+02
1.701000000000000000e+03
2.354000000000000000e+03
1.884000000000000000e+03
2.860000000000000000e+02
7.190000000000000000e+02
6.880000000000000000e+02
1.730000000000000000e+02
1.845000000000000000e+03
4.670000000000000000e+02
7.400000000000000000e+01
8.830000000000000000e+02
2.671000000000000000e+03
9.880000000000000000e+02
2.724000000000000000e+03
3.400000000000000000e+02
1.129000000000000000e+03
2.100000000000000000e+02
1.245000000000000000e+03
1.668000000000000000e+03
2.600000000000000000e+03
2.693000000000000000e+03
2.779000000000000000e+03
7.540000000000000000e+02
2.838000000000000000e+03
1.155000000000000000e+03
5.220000000000000000e+02
1.114000000000000000e+03
8.750000000000000000e+02
1.368000000000000000e+03
1.659000000000000000e+03
1.900000000000000000e+01
8.800000000000000000e+02
2.410000000000000000e+02
1.250000000000000000e+03
1.900000000000000000e+01
1.850000000000000000e+02
1.027000000000000000e+03
1.935000000000000000e+03
7.220000000000000000e+02
7.120000000000000000e+02
3.038000000000000000e+03
2.557000000000000000e+03
9.980000000000000000e+02
1.634000000000000000e+03
2.648000000000000000e+03
1.291000000000000000e+03
1.253000000000000000e+03
5.290000000000000000e+02
1.490000000000000000e+02
1.183000000000000000e+03
4.600000000000000000e+01
3.790000000000000000e+02
4.620000000000000000e+02
6.840000000000000000e+02
1.115000000000000000e+03
8.750000000000000000e+02
1.520000000000000000e+03
2.100000000000000000e+02
1.965000000000000000e+03
1.869000000000000000e+03
1.039000000000000000e+03
2.634000000000000000e+03
1.157000000000000000e+03
2.243000000000000000e+03
1.115000000000000000e+03
7.600000000000000000e+02
1.700000000000000000e+03
1.181000000000000000e+03
1.659000000000000000e+03
4.060000000000000000e+02
5.690000000000000000e+02
6.840000000000000000e+02
1.319000000000000000e+03
1.076000000000000000e+03
9.580000000000000000e+02
3.200000000000000000e+01
1.352000000000000000e+03
2.315000000000000000e+03
2.630000000000000000e+02
1.250000000000000000e+03
3.800000000000000000e+02
2.550000000000000000e+03
1.824000000000000000e+03
1.590000000000000000e+02
2.938000000000000000e+03
1.278000000000000000e+03
4.780000000000000000e+02
9.750000000000000000e+02
7.980000000000000000e+02
3.016000000000000000e+03
1.128000000000000000e+03
6.010000000000000000e+02
7.490000000000000000e+02
9.880000000000000000e+02
7.100000000000000000e+01
7.580000000000000000e+02
6.450000000000000000e+02
7.380000000000000000e+02
1.203000000000000000e+03
2.630000000000000000e+02
6.840000000000000000e+02
5.670000000000000000e+02
1.251000000000000000e+03
7.390000000000000000e+02
1.592000000000000000e+03
2.010000000000000000e+02
1.706000000000000000e+03
1.252000000000000000e+03
1.634000000000000000e+03
1.600000000000000000e+02
6.430000000000000000e+02
1.067000000000000000e+03
5.380000000000000000e+02
3.030000000000000000e+03
2.875000000000000000e+03
5.700000000000000000e+02
5.240000000000000000e+02
2.767000000000000000e+03
3.260000000000000000e+02
2.485000000000000000e+03
2.574000000000000000e+03
2.644000000000000000e+03
9.880000000000000000e+02
1.080000000000000000e+02
3.800000000000000000e+01
2.054000000000000000e+03
8.470000000000000000e+02
5.670000000000000000e+02
7.220000000000000000e+02
1.623000000000000000e+03
6.750000000000000000e+02
4.030000000000000000e+02
1.027000000000000000e+03
1.700000000000000000e+03
9.880000000000000000e+02
4.910000000000000000e+02
2.938000000000000000e+03
1.055000000000000000e+03
1.270000000000000000e+03
1.071000000000000000e+03
1.351000000000000000e+03
4.810000000000000000e+02
2.585000000000000000e+03
2.561000000000000000e+03
1.319000000000000000e+03
2.281000000000000000e+03
2.885000000000000000e+03
2.996000000000000000e+03
1.129000000000000000e+03
5.720000000000000000e+02
2.753000000000000000e+03
4.140000000000000000e+02
1.230000000000000000e+03
2.920000000000000000e+03
2.834000000000000000e+03
3.030000000000000000e+02
2.340000000000000000e+02
2.630000000000000000e+02
1.277000000000000000e+03
2.687000000000000000e+03
6.540000000000000000e+02
1.252000000000000000e+03
1.623000000000000000e+03
1.340000000000000000e+02
1.099000000000000000e+03
6.800000000000000000e+02
5.850000000000000000e+02
2.659000000000000000e+03
1.838000000000000000e+03
3.000000000000000000e+01
1.003000000000000000e+03
3.410000000000000000e+02
1.019000000000000000e+03
7.180000000000000000e+02
1.230000000000000000e+03
3.800000000000000000e+01
2.100000000000000000e+01
1.918000000000000000e+03
1.930000000000000000e+03
8.390000000000000000e+02
1.827000000000000000e+03
1.255000000000000000e+03
1.558000000000000000e+03
2.650000000000000000e+02
1.867000000000000000e+03
4.270000000000000000e+02
4.070000000000000000e+02
9.500000000000000000e+02
7.540000000000000000e+02
2.585000000000000000e+03
2.996000000000000000e+03
5.280000000000000000e+02
1.103000000000000000e+03
1.711000000000000000e+03
1.627000000000000000e+03
8.730000000000000000e+02
1.291000000000000000e+03
1.278000000000000000e+03
2.081000000000000000e+03
5.690000000000000000e+02
2.567000000000000000e+03
8.840000000000000000e+02
1.291000000000000000e+03
8.060000000000000000e+02
8.040000000000000000e+02
2.948000000000000000e+03
9.510000000000000000e+02
3.200000000000000000e+01
7.680000000000000000e+02
6.580000000000000000e+02
5.690000000000000000e+02
1.470000000000000000e+02
2.687000000000000000e+03
6.470000000000000000e+02
2.767000000000000000e+03
2.013000000000000000e+03
1.965000000000000000e+03
1.410000000000000000e+02
2.131000000000000000e+03
2.131000000000000000e+03
2.882000000000000000e+03
4.090000000000000000e+02
7.470000000000000000e+02
7.680000000000000000e+02
7.190000000000000000e+02
8.730000000000000000e+02
2.100000000000000000e+02
1.812000000000000000e+03
6.450000000000000000e+02
1.245000000000000000e+03
1.077000000000000000e+03
1.139000000000000000e+03
2.700000000000000000e+02
1.181000000000000000e+03
1.155000000000000000e+03
1.129000000000000000e+03
2.366000000000000000e+03
9.510000000000000000e+02
1.819000000000000000e+03
1.698000000000000000e+03
1.141000000000000000e+03
9.880000000000000000e+02
1.319000000000000000e+03
6.830000000000000000e+02
9.970000000000000000e+02
8.840000000000000000e+02
1.860000000000000000e+03
4.910000000000000000e+02
2.619000000000000000e+03
8.080000000000000000e+02
7.850000000000000000e+02
3.780000000000000000e+02
1.633000000000000000e+03
1.228000000000000000e+03
1.978000000000000000e+03
3.800000000000000000e+02
1.091000000000000000e+03
7.580000000000000000e+02
6.830000000000000000e+02
9.700000000000000000e+02
7.640000000000000000e+02
1.580000000000000000e+03
2.155000000000000000e+03
7.220000000000000000e+02
9.560000000000000000e+02
1.910000000000000000e+02
2.669000000000000000e+03
6.840000000000000000e+02
1.230000000000000000e+03
2.209000000000000000e+03
8.800000000000000000e+02
1.027000000000000000e+03
1.653000000000000000e+03
2.630000000000000000e+02
2.943000000000000000e+03
3.400000000000000000e+01
1.120000000000000000e+03
7.510000000000000000e+02
1.999000000000000000e+03
3.017000000000000000e+03
5.690000000000000000e+02
1.911000000000000000e+03
6.840000000000000000e+02
1.140000000000000000e+03
9.510000000000000000e+02
1.093000000000000000e+03
2.221000000000000000e+03
1.367000000000000000e+03
1.230000000000000000e+02
3.410000000000000000e+02
1.009000000000000000e+03
1.062000000000000000e+03
4.100000000000000000e+02
1.150000000000000000e+03
1.390000000000000000e+02
1.359000000000000000e+03
9.000000000000000000e+02
1.210000000000000000e+02
1.340000000000000000e+02
1.099000000000000000e+03
1.252000000000000000e+03
4.460000000000000000e+02
2.010000000000000000e+02
1.078000000000000000e+03
6.540000000000000000e+02
2.693000000000000000e+03
2.630000000000000000e+02
2.630000000000000000e+02
2.173000000000000000e+03
7.580000000000000000e+02
7.110000000000000000e+02
1.115000000000000000e+03
2.469000000000000000e+03
1.139000000000000000e+03
3.400000000000000000e+02
1.027000000000000000e+03
1.462000000000000000e+03
6.340000000000000000e+02
2.030000000000000000e+03
5.670000000000000000e+02
4.170000000000000000e+02
2.010000000000000000e+02
1.114000000000000000e+03
7.840000000000000000e+02
7.840000000000000000e+02
7.100000000000000000e+01
1.040000000000000000e+03
1.252000000000000000e+03
7.660000000000000000e+02
7.090000000000000000e+02
6.840000000000000000e+02
8.800000000000000000e+02
1.850000000000000000e+02
1.153000000000000000e+03
1.668000000000000000e+03
7.820000000000000000e+02
1.230000000000000000e+03
6.840000000000000000e+02
3.030000000000000000e+03
5.670000000000000000e+02
3.800000000000000000e+01
1.668000000000000000e+03
4.780000000000000000e+02
1.098000000000000000e+03
1.169000000000000000e+03
1.140000000000000000e+03
7.690000000000000000e+02
2.831000000000000000e+03
5.200000000000000000e+02
7.630000000000000000e+02
6.830000000000000000e+02
4.600000000000000000e+01
5.630000000000000000e+02
1.167000000000000000e+03
2.227000000000000000e+03
4.910000000000000000e+02
1.003000000000000000e+03
6.840000000000000000e+02
2.841000000000000000e+03
1.580000000000000000e+02
7.950000000000000000e+02
7.680000000000000000e+02
3.800000000000000000e+01
2.910000000000000000e+03
1.367000000000000000e+03
4.070000000000000000e+02
2.630000000000000000e+02
7.220000000000000000e+02
1.550000000000000000e+02
7.770000000000000000e+02
2.243000000000000000e+03
1.809000000000000000e+03
2.938000000000000000e+03
2.976000000000000000e+03
2.276000000000000000e+03
8.280000000000000000e+02
1.406000000000000000e+03
7.850000000000000000e+02
9.710000000000000000e+02
2.860000000000000000e+02
1.471000000000000000e+03
1.115000000000000000e+03
1.102000000000000000e+03
2.650000000000000000e+02
9.510000000000000000e+02
1.660000000000000000e+03
1.255000000000000000e+03
2.630000000000000000e+02
1.700000000000000000e+03
2.493000000000000000e+03
4.170000000000000000e+02
1.253000000000000000e+03
1.496000000000000000e+03
1.968000000000000000e+03
1.031000000000000000e+03
1.213000000000000000e+03
1.594000000000000000e+03
2.370000000000000000e+03
3.260000000000000000e+02
3.016000000000000000e+03
4.820000000000000000e+02
2.054000000000000000e+03
1.663000000000000000e+03
1.990000000000000000e+02
7.820000000000000000e+02
1.900000000000000000e+01
7.450000000000000000e+02
2.633000000000000000e+03
2.230000000000000000e+02
6.860000000000000000e+02
1.250000000000000000e+03
1.977000000000000000e+03
3.060000000000000000e+02
1.673000000000000000e+03
1.153000000000000000e+03
1.620000000000000000e+02
1.153000000000000000e+03
1.363000000000000000e+03
7.100000000000000000e+02
9.600000000000000000e+02
8.890000000000000000e+02
1.166000000000000000e+03
2.605000000000000000e+03
8.420000000000000000e+02
8.190000000000000000e+02
1.251000000000000000e+03
6.450000000000000000e+02
1.009000000000000000e+03
1.668000000000000000e+03
7.450000000000000000e+02
1.250000000000000000e+03
1.130000000000000000e+03
1.824000000000000000e+03
6.140000000000000000e+02
3.000000000000000000e+01
2.630000000000000000e+02
2.481000000000000000e+03
1.145000000000000000e+03
2.030000000000000000e+03
5.630000000000000000e+02
2.323000000000000000e+03
2.834000000000000000e+03
8.060000000000000000e+02
1.312000000000000000e+03
8.190000000000000000e+02
1.070000000000000000e+02
4.620000000000000000e+02
4.910000000000000000e+02
2.120000000000000000e+03
1.368000000000000000e+03
8.800000000000000000e+02
1.203000000000000000e+03
9.940000000000000000e+02
8.260000000000000000e+02
7.850000000000000000e+02
8.060000000000000000e+02
9.900000000000000000e+02
1.120000000000000000e+03
2.395000000000000000e+03
1.200000000000000000e+02
1.011000000000000000e+03
3.016000000000000000e+03
2.630000000000000000e+02
6.120000000000000000e+02
1.130000000000000000e+03
7.710000000000000000e+02
8.830000000000000000e+02
2.625000000000000000e+03
3.016000000000000000e+03
1.129000000000000000e+03
4.850000000000000000e+02
1.480000000000000000e+02
1.115000000000000000e+03
4.070000000000000000e+02
1.200000000000000000e+03
1.231000000000000000e+03
4.780000000000000000e+02
1.619000000000000000e+03
3.031000000000000000e+03
2.719000000000000000e+03
2.020000000000000000e+02
8.780000000000000000e+02
7.650000000000000000e+02
1.361000000000000000e+03
1.635000000000000000e+03
8.750000000000000000e+02
2.953000000000000000e+03
1.179000000000000000e+03
7.500000000000000000e+01
2.105000000000000000e+03
2.370000000000000000e+02
2.989000000000000000e+03
2.836000000000000000e+03
1.700000000000000000e+02
1.230000000000000000e+03
8.060000000000000000e+02
7.520000000000000000e+02
2.009000000000000000e+03
1.115000000000000000e+03
1.093000000000000000e+03
1.584000000000000000e+03
1.482000000000000000e+03
1.627000000000000000e+03
2.630000000000000000e+02
2.911000000000000000e+03
9.940000000000000000e+02
2.360000000000000000e+02
2.644000000000000000e+03
2.937000000000000000e+03
3.016000000000000000e+03
1.329000000000000000e+03
7.600000000000000000e+01
1.181000000000000000e+03
7.600000000000000000e+02
3.800000000000000000e+01
2.962000000000000000e+03
4.460000000000000000e+02
1.033000000000000000e+03
2.233000000000000000e+03
5.690000000000000000e+02
5.530000000000000000e+02
1.140000000000000000e+03
6.860000000000000000e+02
1.690000000000000000e+03
1.009000000000000000e+03
1.053000000000000000e+03
2.847000000000000000e+03
3.990000000000000000e+02
4.370000000000000000e+02
5.300000000000000000e+01
2.938000000000000000e+03
1.660000000000000000e+03
2.875000000000000000e+03
7.980000000000000000e+02
9.490000000000000000e+02
8.760000000000000000e+02
2.485000000000000000e+03
7.900000000000000000e+02
1.115000000000000000e+03
1.407000000000000000e+03
2.310000000000000000e+03
1.450000000000000000e+03
5.250000000000000000e+02
7.680000000000000000e+02
6.840000000000000000e+02
1.145000000000000000e+03
1.055000000000000000e+03
1.034000000000000000e+03
1.459000000000000000e+03
3.600000000000000000e+01
2.205000000000000000e+03
2.752000000000000000e+03
6.470000000000000000e+02
5.550000000000000000e+02
9.110000000000000000e+02
8.000000000000000000e+02
1.070000000000000000e+02
2.646000000000000000e+03
4.910000000000000000e+02
1.040000000000000000e+03
1.467000000000000000e+03
1.380000000000000000e+03
5.290000000000000000e+02
1.702000000000000000e+03
4.780000000000000000e+02
7.580000000000000000e+02
8.850000000000000000e+02
9.490000000000000000e+02
6.390000000000000000e+02
2.977000000000000000e+03
1.840000000000000000e+02
7.220000000000000000e+02
1.291000000000000000e+03
1.026000000000000000e+03
1.668000000000000000e+03
1.009000000000000000e+03
1.179000000000000000e+03
5.610000000000000000e+02
4.780000000000000000e+02
1.000000000000000000e+00
4.910000000000000000e+02
4.420000000000000000e+02
1.014000000000000000e+03
4.170000000000000000e+02
7.220000000000000000e+02
1.329000000000000000e+03
3.004000000000000000e+03
6.770000000000000000e+02
2.203000000000000000e+03
1.879000000000000000e+03
1.250000000000000000e+03
9.870000000000000000e+02
5.690000000000000000e+02
1.050000000000000000e+03
1.250000000000000000e+03
5.000000000000000000e+02
7.960000000000000000e+02
2.590000000000000000e+02
1.075000000000000000e+03
7.330000000000000000e+02
1.253000000000000000e+03
2.561000000000000000e+03
9.100000000000000000e+01
1.883000000000000000e+03
1.125000000000000000e+03
1.009000000000000000e+03
1.706000000000000000e+03
6.470000000000000000e+02
8.490000000000000000e+02
1.139000000000000000e+03
8.430000000000000000e+02
8.730000000000000000e+02
1.706000000000000000e+03
1.120000000000000000e+03
2.938000000000000000e+03
1.174000000000000000e+03
9.890000000000000000e+02
7.500000000000000000e+02
6.830000000000000000e+02
1.252000000000000000e+03
1.146000000000000000e+03
6.830000000000000000e+02
5.690000000000000000e+02
3.790000000000000000e+02
1.709000000000000000e+03
9.580000000000000000e+02
1.607000000000000000e+03
1.662000000000000000e+03
2.680000000000000000e+03
8.130000000000000000e+02
1.009000000000000000e+03
1.475000000000000000e+03
3.800000000000000000e+02
8.730000000000000000e+02
5.290000000000000000e+02
1.139000000000000000e+03
1.200000000000000000e+02
4.070000000000000000e+02
1.572000000000000000e+03
7.400000000000000000e+01
1.812000000000000000e+03
6.770000000000000000e+02
4.090000000000000000e+02
7.520000000000000000e+02
2.952000000000000000e+03
1.368000000000000000e+03
1.252000000000000000e+03
9.750000000000000000e+02
9.970000000000000000e+02
7.850000000000000000e+02
2.603000000000000000e+03
1.900000000000000000e+01
1.661000000000000000e+03
2.133000000000000000e+03
7.550000000000000000e+02
1.329000000000000000e+03
2.630000000000000000e+02
3.100000000000000000e+01
3.800000000000000000e+01
6.070000000000000000e+02
1.332000000000000000e+03
4.600000000000000000e+02
8.640000000000000000e+02
7.240000000000000000e+02
3.800000000000000000e+01
7.820000000000000000e+02
1.990000000000000000e+02
8.010000000000000000e+02
1.840000000000000000e+02
1.278000000000000000e+03
1.028000000000000000e+03
1.672000000000000000e+03
9.100000000000000000e+01
9.970000000000000000e+02
7.980000000000000000e+02
5.670000000000000000e+02
1.052000000000000000e+03
4.920000000000000000e+02
1.501000000000000000e+03
2.794000000000000000e+03
2.080000000000000000e+03
1.473000000000000000e+03
5.710000000000000000e+02
2.648000000000000000e+03
1.500000000000000000e+01
2.188000000000000000e+03
2.630000000000000000e+02
2.977000000000000000e+03
5.300000000000000000e+01
1.250000000000000000e+02
2.608000000000000000e+03
9.810000000000000000e+02
1.594000000000000000e+03
1.634000000000000000e+03
7.370000000000000000e+02
1.462000000000000000e+03
7.850000000000000000e+02
6.470000000000000000e+02
2.973000000000000000e+03
2.680000000000000000e+03
2.943000000000000000e+03
2.617000000000000000e+03
2.694000000000000000e+03
3.010000000000000000e+02
2.087000000000000000e+03
3.310000000000000000e+02
2.271000000000000000e+03
7.830000000000000000e+02
1.668000000000000000e+03
1.230000000000000000e+03
8.820000000000000000e+02
1.360000000000000000e+03
2.191000000000000000e+03
8.780000000000000000e+02
8.360000000000000000e+02
7.850000000000000000e+02
9.880000000000000000e+02
1.920000000000000000e+02
1.406000000000000000e+03
1.900000000000000000e+01
1.668000000000000000e+03
1.903000000000000000e+03
1.028000000000000000e+03
1.252000000000000000e+03
2.303000000000000000e+03
2.020000000000000000e+02
1.500000000000000000e+01
1.486000000000000000e+03
3.030000000000000000e+02
2.366000000000000000e+03
8.470000000000000000e+02
1.706000000000000000e+03
7.500000000000000000e+01
1.055000000000000000e+03
1.140000000000000000e+03
2.767000000000000000e+03
2.016000000000000000e+03
2.474000000000000000e+03
2.390000000000000000e+02
8.790000000000000000e+02
6.450000000000000000e+02
1.250000000000000000e+03
1.978000000000000000e+03
1.537000000000000000e+03
2.977000000000000000e+03
1.367000000000000000e+03
8.820000000000000000e+02
5.670000000000000000e+02
2.226000000000000000e+03
2.083000000000000000e+03
2.090000000000000000e+02
2.938000000000000000e+03
1.140000000000000000e+03
1.610000000000000000e+03
9.490000000000000000e+02
3.310000000000000000e+02
1.017000000000000000e+03
8.290000000000000000e+02
1.001000000000000000e+03
2.625000000000000000e+03
3.020000000000000000e+03
7.470000000000000000e+02
6.240000000000000000e+02
8.640000000000000000e+02
7.810000000000000000e+02
6.840000000000000000e+02
7.190000000000000000e+02
4.620000000000000000e+02
2.013000000000000000e+03
1.110000000000000000e+03
1.032000000000000000e+03
9.470000000000000000e+02
6.720000000000000000e+02
9.510000000000000000e+02
2.043000000000000000e+03
7.510000000000000000e+02
2.044000000000000000e+03
5.690000000000000000e+02
1.218000000000000000e+03
1.218000000000000000e+03
8.030000000000000000e+02
7.380000000000000000e+02
7.510000000000000000e+02
2.314000000000000000e+03
2.793000000000000000e+03
7.870000000000000000e+02
1.668000000000000000e+03
5.970000000000000000e+02
2.018000000000000000e+03
1.115000000000000000e+03
8.730000000000000000e+02
8.410000000000000000e+02
1.620000000000000000e+03
8.090000000000000000e+02
5.160000000000000000e+02
7.160000000000000000e+02
2.707000000000000000e+03
5.190000000000000000e+02
1.978000000000000000e+03
6.450000000000000000e+02
1.250000000000000000e+03
5.690000000000000000e+02
1.055000000000000000e+03
8.320000000000000000e+02
2.567000000000000000e+03
1.711000000000000000e+03
4.250000000000000000e+02
6.840000000000000000e+02
2.054000000000000000e+03
2.239000000000000000e+03
1.289000000000000000e+03
1.488000000000000000e+03
2.860000000000000000e+02
1.821000000000000000e+03
3.038000000000000000e+03
5.670000000000000000e+02
1.115000000000000000e+03
1.250000000000000000e+03
2.943000000000000000e+03
2.767000000000000000e+03
4.140000000000000000e+02
1.370000000000000000e+03
4.460000000000000000e+02
9.000000000000000000e+00
6.200000000000000000e+02
2.989000000000000000e+03
2.590000000000000000e+02
7.900000000000000000e+02
1.558000000000000000e+03
3.016000000000000000e+03
1.205000000000000000e+03
8.850000000000000000e+02
4.460000000000000000e+02
7.190000000000000000e+02
6.200000000000000000e+02
1.367000000000000000e+03
9.930000000000000000e+02
7.500000000000000000e+01
5.280000000000000000e+02
8.810000000000000000e+02
1.840000000000000000e+02
8.140000000000000000e+02
2.586000000000000000e+03
1.588000000000000000e+03
6.290000000000000000e+02
7.840000000000000000e+02
9.420000000000000000e+02
1.220000000000000000e+02
9.070000000000000000e+02
1.250000000000000000e+03
1.704000000000000000e+03
2.947000000000000000e+03
2.779000000000000000e+03
7.580000000000000000e+02
1.245000000000000000e+03
1.928000000000000000e+03
1.700000000000000000e+02
5.170000000000000000e+02
1.643000000000000000e+03
1.460000000000000000e+03
5.690000000000000000e+02
1.056000000000000000e+03
4.640000000000000000e+02
4.140000000000000000e+02
1.125000000000000000e+03
2.700000000000000000e+02
7.120000000000000000e+02
2.919000000000000000e+03
1.365000000000000000e+03
5.280000000000000000e+02
1.165000000000000000e+03
7.850000000000000000e+02
9.880000000000000000e+02
7.400000000000000000e+01
8.060000000000000000e+02
3.029000000000000000e+03
5.040000000000000000e+02
1.658000000000000000e+03
1.140000000000000000e+03
7.400000000000000000e+01
1.054000000000000000e+03
2.941000000000000000e+03
1.706000000000000000e+03
1.278000000000000000e+03
2.400000000000000000e+02
4.170000000000000000e+02
1.706000000000000000e+03
1.883000000000000000e+03
1.659000000000000000e+03
9.880000000000000000e+02
9.880000000000000000e+02
1.721000000000000000e+03
8.430000000000000000e+02
1.659000000000000000e+03
2.281000000000000000e+03
9.700000000000000000e+02
1.783000000000000000e+03
8.150000000000000000e+02
6.000000000000000000e+00
1.125000000000000000e+03
7.340000000000000000e+02
1.823000000000000000e+03
9.560000000000000000e+02
1.636000000000000000e+03
1.633000000000000000e+03
1.450000000000000000e+02
9.560000000000000000e+02
6.750000000000000000e+02
1.605000000000000000e+03
8.400000000000000000e+02
2.759000000000000000e+03
1.383000000000000000e+03
8.390000000000000000e+02
8.400000000000000000e+02
1.291000000000000000e+03
2.432000000000000000e+03
2.013000000000000000e+03
7.460000000000000000e+02
1.634000000000000000e+03
2.051000000000000000e+03
7.190000000000000000e+02
1.251000000000000000e+03
1.824000000000000000e+03
1.130000000000000000e+03
2.117000000000000000e+03
5.290000000000000000e+02
2.948000000000000000e+03
7.680000000000000000e+02
1.055000000000000000e+03
2.128000000000000000e+03
2.978000000000000000e+03
2.370000000000000000e+02
8.430000000000000000e+02
3.690000000000000000e+02
2.579000000000000000e+03
1.247000000000000000e+03
2.928000000000000000e+03
7.180000000000000000e+02
2.383000000000000000e+03
1.181000000000000000e+03
1.522000000000000000e+03
2.247000000000000000e+03
1.695000000000000000e+03
1.824000000000000000e+03
6.470000000000000000e+02
1.500000000000000000e+02
2.205000000000000000e+03
2.244000000000000000e+03
4.890000000000000000e+02
1.600000000000000000e+02
8.300000000000000000e+02
2.448000000000000000e+03
9.560000000000000000e+02
7.230000000000000000e+02
7.400000000000000000e+01
1.125000000000000000e+03
1.375000000000000000e+03
2.689000000000000000e+03
1.668000000000000000e+03
4.220000000000000000e+02
1.812000000000000000e+03
1.450000000000000000e+03
1.978000000000000000e+03
1.629000000000000000e+03
3.530000000000000000e+02
9.880000000000000000e+02
1.130000000000000000e+03
2.269000000000000000e+03
1.015000000000000000e+03
1.935000000000000000e+03
1.518000000000000000e+03
1.051000000000000000e+03
1.887000000000000000e+03
3.030000000000000000e+02
2.881000000000000000e+03
3.400000000000000000e+02
3.410000000000000000e+02
2.841000000000000000e+03
7.600000000000000000e+02
4.920000000000000000e+02
2.520000000000000000e+03
2.347000000000000000e+03
7.180000000000000000e+02
1.209000000000000000e+03
2.584000000000000000e+03
5.290000000000000000e+02
1.916000000000000000e+03
3.030000000000000000e+03
1.245000000000000000e+03
4.850000000000000000e+02
1.074000000000000000e+03
8.740000000000000000e+02
2.081000000000000000e+03
8.640000000000000000e+02
2.838000000000000000e+03
1.903000000000000000e+03
2.989000000000000000e+03
6.830000000000000000e+02
1.169000000000000000e+03
4.550000000000000000e+02
1.027000000000000000e+03
6.750000000000000000e+02
2.630000000000000000e+02
8.350000000000000000e+02
5.230000000000000000e+02
9.000000000000000000e+00
7.810000000000000000e+02
8.400000000000000000e+02
9.700000000000000000e+02
2.508000000000000000e+03
2.205000000000000000e+03
1.125000000000000000e+03
5.220000000000000000e+02
1.214000000000000000e+03
1.593000000000000000e+03
1.461000000000000000e+03
2.938000000000000000e+03
2.603000000000000000e+03
1.659000000000000000e+03
7.400000000000000000e+01
7.570000000000000000e+02
1.450000000000000000e+02
1.214000000000000000e+03
3.000000000000000000e+01
5.690000000000000000e+02
1.130000000000000000e+03
2.228000000000000000e+03
9.780000000000000000e+02
2.978000000000000000e+03
1.594000000000000000e+03
3.029000000000000000e+03
7.850000000000000000e+02
1.293000000000000000e+03
7.500000000000000000e+01
1.623000000000000000e+03
2.875000000000000000e+03
2.130000000000000000e+03
6.830000000000000000e+02
1.634000000000000000e+03
8.730000000000000000e+02
1.228000000000000000e+03
1.140000000000000000e+03
7.400000000000000000e+01
1.166000000000000000e+03
2.959000000000000000e+03
1.115000000000000000e+03
7.600000000000000000e+02
7.310000000000000000e+02
1.700000000000000000e+03
1.662000000000000000e+03
2.666000000000000000e+03
6.760000000000000000e+02
1.071000000000000000e+03
1.668000000000000000e+03
1.854000000000000000e+03
7.360000000000000000e+02
8.780000000000000000e+02
6.090000000000000000e+02
2.417000000000000000e+03
2.977000000000000000e+03
2.390000000000000000e+02
4.910000000000000000e+02
1.821000000000000000e+03
2.693000000000000000e+03
1.053000000000000000e+03
1.256000000000000000e+03
1.213000000000000000e+03
6.810000000000000000e+02
3.790000000000000000e+02
1.591000000000000000e+03
2.948000000000000000e+03
2.239000000000000000e+03
1.702000000000000000e+03
4.780000000000000000e+02
8.100000000000000000e+01
1.113000000000000000e+03
9.990000000000000000e+02
7.640000000000000000e+02
2.522000000000000000e+03
4.000000000000000000e+02
2.630000000000000000e+02
2.271000000000000000e+03
8.960000000000000000e+02
2.752000000000000000e+03
6.830000000000000000e+02
2.880000000000000000e+02
7.280000000000000000e+02
1.691000000000000000e+03
7.450000000000000000e+02
1.706000000000000000e+03
6.810000000000000000e+02
1.452000000000000000e+03
1.140000000000000000e+03
1.662000000000000000e+03
1.291000000000000000e+03
6.830000000000000000e+02
1.668000000000000000e+03
9.880000000000000000e+02
2.659000000000000000e+03
2.670000000000000000e+02
1.277000000000000000e+03
2.630000000000000000e+02
1.668000000000000000e+03
6.750000000000000000e+02
1.940000000000000000e+03
2.996000000000000000e+03
1.592000000000000000e+03
9.000000000000000000e+02
1.368000000000000000e+03
5.670000000000000000e+02
7.080000000000000000e+02
1.600000000000000000e+02
1.706000000000000000e+03
4.760000000000000000e+02
2.310000000000000000e+02
3.120000000000000000e+02
2.366000000000000000e+03
9.560000000000000000e+02
1.938000000000000000e+03
1.706000000000000000e+03
5.290000000000000000e+02
7.970000000000000000e+02
7.980000000000000000e+02
8.470000000000000000e+02
3.400000000000000000e+02
3.800000000000000000e+01
3.590000000000000000e+02
9.490000000000000000e+02
1.228000000000000000e+03
4.090000000000000000e+02
3.410000000000000000e+02
8.300000000000000000e+02
5.690000000000000000e+02
8.730000000000000000e+02
7.580000000000000000e+02
1.027000000000000000e+03
8.830000000000000000e+02
2.630000000000000000e+02
1.277000000000000000e+03
2.767000000000000000e+03
1.977000000000000000e+03
1.203000000000000000e+03
1.251000000000000000e+03
2.890000000000000000e+03
2.512000000000000000e+03
9.920000000000000000e+02
1.278000000000000000e+03
1.121000000000000000e+03
7.850000000000000000e+02
2.767000000000000000e+03
1.245000000000000000e+03
4.820000000000000000e+02
8.280000000000000000e+02
9.920000000000000000e+02
8.450000000000000000e+02
1.367000000000000000e+03
6.830000000000000000e+02
1.306000000000000000e+03
2.630000000000000000e+02
1.700000000000000000e+03
5.000000000000000000e+02
3.010000000000000000e+02
1.895000000000000000e+03
1.125000000000000000e+03
9.500000000000000000e+02
1.305000000000000000e+03
2.680000000000000000e+03
8.430000000000000000e+02
1.203000000000000000e+03
8.390000000000000000e+02
1.090000000000000000e+03
3.030000000000000000e+03
1.200000000000000000e+02
1.445000000000000000e+03
7.400000000000000000e+01
2.630000000000000000e+02
8.060000000000000000e+02
1.600000000000000000e+03
1.125000000000000000e+03
1.690000000000000000e+02
1.870000000000000000e+02
6.450000000000000000e+02
6.040000000000000000e+02
1.935000000000000000e+03
2.644000000000000000e+03
4.060000000000000000e+02
9.530000000000000000e+02
2.184000000000000000e+03
3.120000000000000000e+02
6.840000000000000000e+02
1.130000000000000000e+02
4.970000000000000000e+02
5.200000000000000000e+02
1.363000000000000000e+03
1.783000000000000000e+03
1.308000000000000000e+03
1.115000000000000000e+03
1.160000000000000000e+02
1.359000000000000000e+03
3.820000000000000000e+02
2.567000000000000000e+03
9.510000000000000000e+02
1.181000000000000000e+03
1.359000000000000000e+03
3.022000000000000000e+03
1.930000000000000000e+03
1.935000000000000000e+03
1.671000000000000000e+03
3.016000000000000000e+03
2.565000000000000000e+03
2.475000000000000000e+03
2.203000000000000000e+03
2.081000000000000000e+03
2.686000000000000000e+03
1.291000000000000000e+03
5.530000000000000000e+02
3.016000000000000000e+03
4.830000000000000000e+02
9.410000000000000000e+02
1.193000000000000000e+03
3.700000000000000000e+01
1.130000000000000000e+03
1.618000000000000000e+03
1.109000000000000000e+03
2.114000000000000000e+03
1.918000000000000000e+03
6.810000000000000000e+02
2.228000000000000000e+03
1.618000000000000000e+03
1.367000000000000000e+03
1.599000000000000000e+03
7.840000000000000000e+02
1.242000000000000000e+03
1.101000000000000000e+03
1.695000000000000000e+03
2.875000000000000000e+03
6.650000000000000000e+02
2.767000000000000000e+03
1.824000000000000000e+03
4.070000000000000000e+02
7.580000000000000000e+02
